507
7 1800 1057
9
328 325 337 816 812 308 294 288 289
0 1800 1061
19
312 309 321 325 335 339 783 785 789 674 630 606 596 601 621 645 843 876 877
7 1800 1057
6
309 323 331 341 808 802
8 1800 1057
24
323 331 341 808 802 799 680 683 817 827 822 760 757 748 720 717 96 68 56 61 34 12 2 5
3 1800 1060
19
333 345 785 793 698 382 379 663 689 701 484 464 456 459 238 206 194 197 217
9 1800 1056
6
337 816 812 308 305 314
8 1800 1057
4
330 331 341 808
8 1800 1057
6
345 785 789 674 630 631
0 1800 1061
9
792 793 698 382 383 638 639 711 855
4 1800 1059
14
683 817 827 822 760 757 748 720 717 96 68 56 59 73
9 1800 1056
5
750 454 450 446 188
5 1800 1058
11
680 683 672 628 625 669 837 845 860 852 853
10 1800 1055
14
682 683 672 628 616 613 643 885 780 770 767 280 277 866
1 1800 1061
10
684 679 800 801 798 795 700 382 383 695
3 1800 1060
3
818 684 681
10 1800 1055
11
854 851 859 846 838 722 94 68 63 83 452
7 1800 1057
8
870 867 846 838 722 102 99 772
7 1800 1057
4
751 759 823 880
5 1800 1058
3
752 454 450
2 1800 1060
16
819 880 834 830 668 648 651 843 883 887 780 770 767 274 264 261
0 1800 1061
14
760 757 748 720 717 96 68 56 61 34 12 2 5 21
7 1800 1057
5
822 823 880 874 872
8 1800 1057
9
880 834 830 668 648 651 843 881 654
5 1800 1058
8
92 66 56 61 79 105 28 18
6 1800 1058
10
88 89 717 725 724 102 99 772 775 877
1 1800 1061
14
290 287 297 315 558 540 528 529 434 418 406 407 421 437
0 1800 1061
9
350 351 367 397 526 529 434 418 406
7 1800 1057
3
360 355 370
1 1800 1061
10
362 350 351 369 373 663 689 701 484 485
9 1800 1056
17
372 354 351 369 373 665 638 610 598 601 621 645 841 104 80 81 111
8 1800 1057
4
340 330 331 341
9 1800 1056
9
784 390 391 394 372 304 294 288 289
4 1800 1059
7
392 389 783 785 789 674 630
8 1800 1057
21
396 372 354 351 369 373 663 689 701 484 464 456 459 238 206 194 195 215 251 727 866
4 1800 1059
15
816 396 372 354 351 367 397 526 529 434 418 406 407 421 437
4 1800 1059
8
673 790 786 784 340 336 326 327
6 1800 1058
9
382 383 695 707 733 739 576 566 567
6 1800 1058
18
789 674 630 606 596 601 621 645 841 104 105 36 12 2 5 21 51 48
2 1800 1060
9
674 630 606 596 601 621 645 843 876
9 1800 1056
7
700 382 358 348 353 371 395
2 1800 1060
10
698 382 383 638 610 598 601 621 643 885
9 1800 1056
16
606 596 601 623 641 694 691 660 552 544 532 502 505 430 414 411
7 1800 1057
8
671 817 827 822 760 757 748 720
4 1800 1059
5
678 673 790 791 342
3 1800 1060
12
668 648 651 843 883 887 780 770 767 280 277 866
2 1800 1060
8
851 859 846 838 722 723 871 746
9 1800 1056
12
717 725 724 721 670 626 604 607 378 379 374 370
5 1800 1058
9
745 872 724 102 99 772 284 46 42
6 1800 1058
8
833 874 872 724 721 837 845 868
4 1800 1059
14
726 96 68 56 61 34 37 176 136 124 116 119 131 151
3 1800 1060
6
872 724 721 670 626 627
9 1800 1056
9
874 872 724 102 99 772 284 46 42
6 1800 1058
9
86 78 75 113 30 24 21 51 148
9 1800 1056
15
74 60 57 69 97 650 618 615 627 632 629 673 790 786 784
6 1800 1058
3
718 90 87
9 1800 1056
12
171 181 187 445 449 453 751 759 821 828 818 684
1 1800 1061
10
179 108 74 60 57 69 97 839 858 855
1 1800 1061
10
108 74 60 55 67 95 718 719 747 758
6 1800 1058
19
189 451 84 64 67 93 721 670 648 651 843 883 887 780 770 767 274 264 261
5 1800 1058
6
447 451 84 78 75 111
4 1800 1059
3
452 448 445
1 1800 1061
10
894 184 38 33 62 55 67 93 721 837
6 1800 1058
11
287 293 303 354 347 357 381 699 796 797 802
8 1800 1057
4
293 303 354 351
8 1800 1057
23
301 313 366 369 373 665 638 610 598 601 621 645 841 104 105 36 37 176 136 124 116 119 131
0 1800 1061
9
315 558 540 528 523 490 474 458 459
4 1800 1059
20
317 556 540 528 523 490 466 467 495 516 513 561 569 593 282 44 16 4 5 21
9 1800 1056
11
662 402 399 659 692 693 642 580 583 658 653
2 1800 1060
10
303 354 347 357 377 608 603 625 667 829
0 1800 1061
5
351 367 397 526 529
10 1800 1055
4
355 373 663 693
6 1800 1058
14
369 373 380 377 608 603 625 669 722 723 726 718 90 91
4 1800 1059
15
354 351 369 373 665 638 610 598 601 621 645 843 876 877 891
4 1800 1059
9
373 380 377 608 603 625 667 829 833
0 1800 1061
9
306 303 371 393 392 389 340 330 331
3 1800 1060
12
399 659 692 693 642 624 621 645 652 647 667 829
7 1800 1057
16
659 692 664 380 381 699 796 797 802 799 680 683 817 827 822 760
2 1800 1060
3
661 316 298
10 1800 1055
7
692 693 696 638 639 711 855
9 1800 1056
19
308 303 354 351 369 373 665 638 610 598 601 621 645 841 104 105 36 37 176
0 1800 1061
10
814 308 303 354 351 369 373 663 689 703
9 1800 1056
5
381 699 796 797 802
7 1800 1057
14
378 379 663 689 701 484 464 456 459 238 241 234 204 199
3 1800 1060
12
610 598 601 621 645 841 104 105 36 37 183 895
5 1800 1058
12
665 638 610 598 601 621 645 841 772 284 46 42
3 1800 1060
5
693 642 624 621 614
4 1800 1059
11
695 707 733 739 576 516 513 561 569 593 282
10 1800 1055
9
701 729 554 544 532 502 505 430 414
2 1800 1060
5
696 638 639 711 857
3 1800 1060
17
731 582 583 658 653 882 876 776 773 36 37 176 136 124 116 119 131
6 1800 1058
5
579 624 602 595 605
6 1800 1058
4
595 605 629 677
3 1800 1060
3
607 378 379
6 1800 1058
5
611 580 581 737 576
3 1800 1060
4
615 627 671 754
1 1800 1061
5
602 597 609 637 384
4 1800 1059
5
641 696 384 381 697
1 1800 1061
4
645 843 876 877
2 1800 1060
8
647 669 722 723 726 718 90 91
1 1800 1061
17
657 584 564 560 520 521 244 212 196 191 199 225 743 444 441 440 437
7 1800 1057
9
669 722 94 68 56 61 34 12 9
6 1800 1058
13
687 859 846 838 722 94 68 56 59 75 111 174 160
5 1800 1058
6
711 857 840 98 70 58
3 1800 1060
7
804 678 673 790 786 784 340
3 1800 1060
4
646 614 615 627
10 1800 1055
8
847 858 712 709 714 578 244 245
0 1800 1061
10
712 640 637 384 381 697 794 786 346 334
10 1800 1055
14
859 846 838 722 94 68 56 61 34 12 2 5 21 51
4 1800 1059
9
840 650 651 646 622 623 580 564 560
7 1800 1057
10
846 838 722 94 68 56 61 34 37 183
6 1800 1058
7
844 646 614 615 627 671 684
10 1800 1055
8
882 844 652 647 669 837 845 868
7 1800 1057
11
584 564 560 520 521 250 248 222 219 259 741
1 1800 1061
14
721 670 648 651 646 622 623 641 694 691 660 400 401 661
0 1800 1061
8
771 100 101 723 726 718 90 87
6 1800 1058
9
670 648 651 843 881 654 657 588 574
1 1800 1061
6
839 848 845 860 852 853
8 1800 1057
13
842 646 622 623 641 694 691 705 735 492 474 469 497
10 1800 1055
20
875 881 654 657 584 564 560 520 521 244 212 196 191 199 225 743 444 441 440 437
7 1800 1057
8
836 830 668 648 651 843 876 877
0 1800 1061
3
33 62 59
6 1800 1058
3
59 75 111
7 1800 1057
16
67 93 721 670 648 651 646 622 623 580 564 560 520 521 250 248
4 1800 1059
5
69 99 772 775 877
4 1800 1059
5
60 61 79 105 28
10 1800 1055
4
62 55 67 95
4 1800 1059
11
64 67 93 721 670 626 627 632 629 673 790
8 1800 1057
4
95 718 90 91
1 1800 1061
12
103 842 646 622 623 641 694 691 660 552 544 532
10 1800 1055
11
82 79 103 842 646 622 623 641 694 691 660
2 1800 1060
7
114 76 77 83 452 448 445
2 1800 1060
9
106 72 69 101 723 871 873 834 835
4 1800 1059
23
167 171 179 108 74 60 57 69 97 650 618 615 627 632 629 673 790 786 784 340 336 326 327
6 1800 1058
6
160 161 136 137 134 54
0 1800 1061
6
159 173 112 82 79 105
7 1800 1057
12
165 175 38 33 62 55 67 93 721 837 845 868
8 1800 1057
7
162 155 167 171 181 189 451
8 1800 1057
5
184 30 24 21 51
5 1800 1058
8
896 184 30 10 7 25 46 42
7 1800 1057
12
557 316 313 306 307 811 815 338 326 322 310 311
7 1800 1057
22
556 550 547 402 399 659 692 693 642 624 621 645 652 647 669 722 94 68 63 83 452 190
5 1800 1058
5
473 489 524 527 539
2 1800 1060
10
491 736 706 692 693 642 624 621 614 615
3 1800 1060
7
505 430 414 411 425 443 782
10 1800 1055
7
527 539 557 316 298 288 289
8 1800 1057
4
524 527 537 547
10 1800 1055
15
535 544 545 488 464 456 459 238 206 194 195 215 251 727 866
5 1800 1058
13
537 547 402 399 659 692 693 642 624 621 614 615 627
3 1800 1060
4
530 527 537 547
10 1800 1055
9
545 488 485 739 576 516 513 561 571
6 1800 1058
6
547 402 399 659 692 664
4 1800 1059
6
544 532 502 505 430 427
5 1800 1058
5
554 536 533 549 555
8 1800 1057
6
546 543 536 533 549 555
9 1800 1056
6
457 473 489 524 527 537
5 1800 1058
13
481 493 739 738 582 579 624 621 645 652 647 667 829
5 1800 1058
5
485 739 576 566 567
1 1800 1061
9
493 734 708 696 384 381 699 796 797
3 1800 1060
8
512 509 240 241 234 204 199 225
7 1800 1057
13
575 738 582 579 624 621 645 652 647 667 829 833 879
10 1800 1055
7
739 738 582 583 658 653 882
9 1800 1056
5
740 486 487 492 474
4 1800 1059
10
281 769 779 888 884 844 652 647 667 829
3 1800 1060
7
561 569 593 767 280 277 866
7 1800 1057
8
565 575 740 486 483 702 690 664
6 1800 1058
12
573 587 658 620 602 595 605 633 683 817 827 822
1 1800 1061
3
568 563 579
10 1800 1055
6
570 562 514 515 575 740
0 1800 1061
13
769 779 888 884 844 652 647 669 722 723 726 718 90
0 1800 1061
13
710 711 857 840 98 70 58 61 34 12 2 5 21
10 1800 1055
4
856 857 840 650
5 1800 1058
10
886 644 622 602 595 605 629 673 790 791
7 1800 1057
4
586 568 563 579
2 1800 1060
3
45 26 8
1 1800 1061
6
283 771 100 101 723 726
4 1800 1059
20
890 887 780 777 586 574 562 520 521 244 212 196 191 199 225 743 444 441 440 437
0 1800 1061
7
892 878 776 771 100 101 721
1 1800 1061
3
3 17 25
1 1800 1061
10
11 35 106 103 842 646 622 602 595 607
10 1800 1055
3
4 5 21
5 1800 1058
22
6 3 15 43 281 594 570 562 514 515 496 468 465 489 524 527 539 557 316 298 288 289
5 1800 1058
14
10 7 25 285 777 586 568 565 575 740 486 487 546 543
6 1800 1058
8
115 121 54 22 6 3 15 42
4 1800 1059
3
116 119 129
7 1800 1057
23
54 22 6 3 15 43 281 594 570 562 520 521 244 212 196 191 199 225 743 444 441 440 437
6 1800 1058
3
137 134 54
7 1800 1057
3
128 125 129
8 1800 1057
9
177 140 137 32 10 7 25 46 42
0 1800 1061
24
178 164 165 175 38 35 106 103 842 646 622 602 597 609 637 666 374 370 352 353 304 294 288 289
9 1800 1056
9
138 135 162 155 167 171 181 189 451
10 1800 1055
22
202 192 195 211 243 522 519 559 563 579 624 621 645 652 647 669 722 723 726 718 90 91
4 1800 1059
12
405 417 433 530 525 398 368 352 353 304 307 813
8 1800 1057
6
415 232 202 199 223 260
8 1800 1057
6
417 433 530 527 539 555
8 1800 1057
14
412 413 429 506 501 531 543 551 659 692 664 380 381 697
10 1800 1055
5
414 404 407 421 437
1 1800 1061
3
232 229 743
9 1800 1056
8
418 406 409 228 202 192 197 217
1 1800 1061
9
420 406 403 415 236 208 209 243 522
9 1800 1056
18
470 473 491 736 706 692 693 642 624 621 645 841 104 80 81 111 174 160
6 1800 1058
9
517 242 206 194 195 215 251 727 866
4 1800 1059
10
506 501 524 527 539 557 316 298 288 289
2 1800 1060
6
436 418 406 407 421 437
2 1800 1060
16
195 211 243 522 519 559 563 579 624 621 645 652 647 667 829 835
6 1800 1058
8
201 231 431 498 470 473 491 736
2 1800 1060
4
207 204 201 227
10 1800 1055
6
211 243 577 276 266 40
1 1800 1061
3
208 194 197
7 1800 1057
11
237 460 455 463 483 702 690 664 380 381 697
3 1800 1060
5
212 215 251 727 866
0 1800 1061
15
460 455 463 483 702 690 664 380 381 699 796 797 802 799 809
7 1800 1057
4
507 519 561 569
5 1800 1058
7
246 212 215 251 727 866 862
6 1800 1058
6
242 239 510 511 515 575
6 1800 1058
17
216 196 193 205 237 460 455 463 483 702 690 664 380 381 699 806 803
10 1800 1055
11
263 273 768 769 779 886 644 622 602 595 605
5 1800 1058
14
269 728 252 216 196 193 205 237 460 455 463 483 702 690
4 1800 1059
8
271 44 16 4 5 21 51 48
8 1800 1057
9
508 478 460 457 473 489 524 527 539
5 1800 1058
15
522 519 559 563 579 624 621 645 652 647 667 829 833 879 820
8 1800 1057
16
572 573 587 658 653 882 844 652 647 669 722 723 726 718 90 91
0 1800 1061
17
578 244 210 205 237 460 457 473 489 524 527 539 557 316 298 288 289
9 1800 1056
4
716 713 710 711
1 1800 1061
7
278 279 768 769 286 26 8
1 1800 1061
6
768 769 779 888 889 891
9 1800 1056
3
39 263 273
0 1800 1061
7
120 115 123 135 175 38 33
1 1800 1061
6
147 52 22 23 29 183
6 1800 1058
8
438 439 442 443 744 226 200 203
7 1800 1057
25
423 443 744 226 200 192 195 211 243 522 519 559 563 579 624 621 645 652 647 669 722 723 726 718 90
10 1800 1055
10
439 442 443 744 226 200 192 195 215 251
0 1800 1061
3
443 782 742
3 1800 1060
19
226 200 192 195 211 243 522 519 561 569 593 282 44 16 4 5 21 51 48
7 1800 1057
19
765 742 260 220 221 247 249 522 519 561 569 593 282 44 16 4 5 21 51
7 1800 1057
19
442 443 744 230 231 431 498 470 473 491 736 706 692 664 380 381 699 796 797
3 1800 1060
8
742 260 220 221 247 251 727 866
1 1800 1061
17
744 226 200 192 195 211 243 522 519 559 563 579 624 621 645 652 649
1 1800 1061
5
221 247 251 727 866
10 1800 1055
9
247 249 522 519 561 573 585 778 779
5 1800 1058
17
218 198 193 205 237 460 455 463 483 702 690 664 374 370 352 353 371
6 1800 1058
3
259 741 781
4 1800 1059
4
741 781 444 424
9 1800 1056
18
258 259 224 200 203 233 242 237 460 455 463 483 702 690 664 380 381 697
9 1800 1056
13
256 218 198 193 205 237 460 457 473 489 524 527 539
6 1800 1058
15
865 278 266 263 271 44 16 4 5 21 53 122 116 119 131
8 1800 1057
24
132 120 115 121 54 22 6 3 15 43 281 594 570 562 514 515 496 468 465 489 524 527 539 555
3 1800 1060
13
50 47 52 22 23 29 114 76 77 85 91 453 749
1 1800 1061
14
152 132 120 115 123 135 175 38 33 62 55 67 95 718
1802 3600 2480
9
328 325 337 816 812 308 294 288 289
1809 3600 2470
9
312 309 321 325 337 816 812 308 294
1800 3600 2483
26
309 321 325 337 816 396 372 354 347 355 373 663 689 701 484 464 456 459 238 206 209 243 577 276 277 866
1803 3600 2478
3
322 310 311
1807 3600 2473
11
329 339 390 391 394 372 304 305 314 315 558
1803 3600 2478
19
335 339 783 785 789 674 630 631 628 616 617 649 98 70 58 59 75 113 30
1810 3600 2469
10
330 331 341 808 802 799 809 756 750 454
1808 3600 2472
5
345 784 390 391 787
1807 3600 2473
14
801 798 795 700 382 379 663 691 660 400 401 548 549 555
1800 3600 2483
3
807 792 793
1801 3600 2481
4
808 802 799 809
1810 3600 2469
6
683 817 827 822 760 752
1808 3600 2472
6
750 454 92 86 78 73
1807 3600 2473
5
800 801 807 342 332
1808 3600 2472
4
756 750 454 92
1808 3600 2472
11
817 827 822 760 752 454 450 446 188 182 172
1803 3600 2478
7
854 851 859 846 838 722 723
1809 3600 2470
17
870 867 846 838 670 626 616 613 643 654 657 584 581 737 576 516 512
1806 3600 2474
6
751 759 823 880 874 872
1801 3600 2481
16
759 821 828 818 672 628 616 613 643 654 657 584 581 737 576 516
1802 3600 2480
8
748 720 717 96 68 63 78 73
1804 3600 2477
18
821 828 818 684 679 800 801 798 795 700 382 358 348 353 304 294 288 289
1801 3600 2481
13
828 818 684 679 800 801 807 342 332 329 339 390 391
1803 3600 2478
13
880 834 830 668 626 604 607 378 379 374 370 365 314
1807 3600 2473
5
453 751 759 821 828
1806 3600 2474
12
449 453 751 759 821 828 818 684 679 800 801 807
1807 3600 2473
14
290 291 299 317 556 540 528 529 434 418 406 407 421 437
1801 3600 2481
5
360 348 353 304 294
1809 3600 2470
14
362 350 347 357 383 695 707 733 739 576 566 567 574 571
1803 3600 2478
5
372 304 294 288 289
1805 3600 2476
7
340 330 331 341 808 802 799
1800 3600 2483
10
386 360 355 375 552 544 532 502 503 434
1807 3600 2473
16
392 362 350 347 357 377 608 603 616 617 649 98 70 58 59 73
1802 3600 2480
4
815 338 326 327
1800 3600 2483
6
816 812 308 294 288 289
1808 3600 2472
11
673 795 700 382 358 348 353 304 294 288 289
1806 3600 2474
3
697 794 791
1807 3600 2473
4
793 698 382 383
1809 3600 2470
7
674 630 631 628 616 617 649
1810 3600 2469
17
700 382 377 608 596 601 619 653 882 876 776 773 36 12 9 24 21
1800 3600 2483
13
698 382 377 608 603 616 617 649 98 70 58 59 75
1810 3600 2469
7
606 596 601 623 580 564 560
1809 3600 2470
10
628 625 669 722 94 68 63 83 452 190
1809 3600 2470
10
678 675 799 680 683 817 827 822 823 880
1800 3600 2483
17
829 833 874 746 720 717 96 68 63 78 75 113 30 24 21 51 148
1805 3600 2476
9
851 688 636 378 381 699 796 797 802
1800 3600 2483
9
867 846 838 722 723 726 718 90 87
1802 3600 2480
5
719 745 873 834 830
1806 3600 2474
10
747 758 759 821 828 818 684 679 800 676
1807 3600 2473
15
830 668 626 616 613 622 623 641 694 691 660 400 401 548 549
1809 3600 2470
3
724 102 99
1804 3600 2477
10
746 720 717 96 68 56 61 34 12 2
1810 3600 2469
11
874 746 720 717 96 68 63 78 75 113 30
1808 3600 2472
6
74 77 85 91 453 749
1802 3600 2480
12
718 719 747 758 759 821 828 818 684 679 800 801
1800 3600 2483
7
171 179 108 74 77 64 67
1801 3600 2481
15
179 108 74 60 57 69 97 650 618 600 597 609 637 384 381
1801 3600 2481
15
108 74 60 57 69 97 650 618 600 597 609 637 384 381 699
1804 3600 2477
9
189 451 84 78 75 113 30 24 21
1803 3600 2478
24
447 451 84 64 67 93 721 670 626 616 613 622 623 641 694 691 660 552 544 532 502 503 434 418
1800 3600 2483
5
451 84 78 75 111
1800 3600 2483
9
84 78 60 61 79 105 28 25 46
1807 3600 2473
4
894 184 176 166
1807 3600 2473
11
287 293 303 354 347 357 377 635 687 859 846
1805 3600 2476
8
293 303 371 393 392 389 340 330
1803 3600 2478
14
299 317 556 540 528 523 490 466 467 495 566 567 574 571
1809 3600 2470
10
313 306 307 811 815 338 326 322 310 311
1808 3600 2472
16
662 402 399 659 692 693 642 624 602 599 617 649 98 101 723 726
1802 3600 2480
3
294 288 289
1805 3600 2476
7
347 357 383 638 639 711 855
1807 3600 2473
5
348 353 371 395 815
1804 3600 2477
15
369 373 665 638 610 598 599 617 649 98 70 58 59 73 107
1804 3600 2477
16
354 347 357 377 608 603 616 617 649 98 70 58 59 75 111 174
1805 3600 2476
8
373 663 689 701 484 464 467 482
1805 3600 2476
5
366 352 347 359 387
1808 3600 2472
3
397 535 553
1810 3600 2469
4
376 356 348 349
1800 3600 2483
10
402 399 659 692 664 380 381 699 796 797
1809 3600 2470
4
692 693 642 580
1805 3600 2476
6
308 305 366 367 397 526
1802 3600 2480
7
814 308 303 354 347 357 381
1809 3600 2470
14
377 608 596 601 619 653 882 876 776 773 36 37 183 893
1803 3600 2478
8
378 383 695 707 733 739 576 516
1804 3600 2477
5
637 666 374 356 348
1807 3600 2473
16
665 638 610 598 601 619 653 882 876 776 773 36 12 9 24 21
1809 3600 2470
10
693 642 580 583 658 653 882 876 877 891
1808 3600 2472
13
666 374 356 348 353 371 395 815 338 326 322 310 311
1809 3600 2470
7
701 484 464 456 459 477 507
1804 3600 2477
5
707 733 494 482 462
1804 3600 2477
13
733 494 482 462 459 238 241 234 204 199 223 260 257
1806 3600 2474
14
732 708 696 666 374 356 348 353 371 395 815 338 326 327
1808 3600 2472
8
583 658 620 602 595 605 633 679
1802 3600 2480
6
601 623 641 694 691 705
1806 3600 2474
6
596 601 619 653 882 883
1802 3600 2480
4
611 580 581 732
1807 3600 2473
20
613 643 654 657 584 564 560 520 521 244 210 207 204 199 225 743 444 441 440 437
1808 3600 2472
10
602 599 617 649 98 101 723 726 718 90
1805 3600 2476
4
625 667 829 835
1805 3600 2476
13
580 583 658 653 882 876 776 773 36 12 9 24 21
1806 3600 2474
16
643 654 657 584 564 560 520 521 244 210 207 204 199 225 743 444
1805 3600 2476
8
618 600 597 609 637 666 374 356
1802 3600 2480
5
653 882 876 877 891
1803 3600 2478
13
626 616 613 622 623 641 694 691 660 552 544 532 502
1810 3600 2469
7
636 378 383 695 707 733 494
1800 3600 2483
7
711 857 840 98 99 772 775
1802 3600 2480
13
804 805 700 382 379 663 691 660 552 544 532 502 505
1805 3600 2476
3
841 772 284
1806 3600 2474
8
838 722 94 68 63 83 452 448
1808 3600 2472
6
857 840 98 99 772 284
1803 3600 2478
12
859 846 838 722 102 70 58 59 75 113 176 136
1809 3600 2470
5
840 98 101 94 68
1808 3600 2472
6
846 838 670 626 627 632
1803 3600 2478
15
881 654 657 584 581 737 740 486 487 492 489 502 503 434 418
1804 3600 2477
8
644 614 617 649 839 858 712 709
1807 3600 2473
8
584 581 732 708 696 384 381 697
1802 3600 2480
6
101 723 871 873 879 820
1806 3600 2474
6
723 871 873 879 824 760
1803 3600 2478
3
284 46 42
1809 3600 2470
5
722 102 99 772 284
1805 3600 2476
6
98 101 723 726 718 90
1800 3600 2483
13
842 646 622 623 641 694 691 660 400 401 548 549 555
1807 3600 2473
8
776 773 36 12 9 24 21 51
1809 3600 2470
5
836 830 668 648 651
1808 3600 2472
5
12 7 25 46 42
1800 3600 2483
7
61 79 105 28 25 46 42
1803 3600 2478
9
67 93 721 670 626 604 607 378 381
1807 3600 2473
8
58 59 75 113 176 166 163 144
1808 3600 2472
3
75 111 174
1803 3600 2478
11
79 105 774 775 875 881 654 657 584 564 560
1800 3600 2483
8
78 75 113 176 136 124 116 119
1807 3600 2473
7
68 63 78 75 113 183 895
1808 3600 2472
7
80 62 59 77 83 452 190
1804 3600 2477
10
76 60 57 69 97 650 618 615 627 632
1808 3600 2472
17
38 35 774 775 875 881 654 657 584 564 560 520 521 250 248 222 219
1810 3600 2469
5
106 80 62 55 65
1802 3600 2480
7
156 161 136 137 134 54 51
1810 3600 2469
6
160 153 163 144 128 125
1807 3600 2473
6
112 76 77 83 452 448
1801 3600 2481
3
161 136 124
1801 3600 2481
6
154 155 167 171 179 108
1809 3600 2470
3
166 163 144
1810 3600 2469
4
184 30 24 21
1809 3600 2470
18
896 184 38 35 774 775 875 881 654 657 584 564 560 520 521 250 216 196
1809 3600 2470
16
550 547 402 399 659 692 693 642 624 621 645 841 104 80 81 111
1808 3600 2472
11
556 550 547 402 399 659 692 693 642 624 621
1805 3600 2476
17
473 491 488 485 739 738 582 583 658 653 882 876 776 773 36 37 183
1806 3600 2474
19
491 488 485 739 738 582 583 658 653 644 614 617 649 98 101 723 726 718 90
1804 3600 2477
12
501 531 543 551 659 692 664 380 381 699 796 797
1807 3600 2473
8
525 398 368 352 349 361 389 783
1809 3600 2470
8
531 543 551 376 356 359 385 346
1805 3600 2476
8
526 529 434 418 406 407 421 437
1808 3600 2472
16
528 523 490 466 467 495 566 567 585 778 286 26 8 9 24 21
1802 3600 2480
11
504 472 458 461 481 495 566 567 585 778 779
1806 3600 2474
9
532 502 505 430 414 411 425 441 764
1801 3600 2481
4
544 532 502 503
1806 3600 2474
7
706 692 664 380 381 697 794
1802 3600 2480
5
546 543 536 533 549
1808 3600 2472
10
461 481 493 734 708 696 384 381 699 796
1808 3600 2472
3
467 493 734
1808 3600 2472
7
481 495 566 567 585 778 286
1804 3600 2477
18
485 739 738 582 583 658 653 644 614 617 649 98 101 723 726 718 90 91
1807 3600 2473
18
493 739 738 582 583 658 653 644 614 617 649 98 101 723 726 718 90 91
1803 3600 2478
4
512 509 246 212
1808 3600 2472
12
575 738 582 583 658 653 644 614 617 649 98 101
1805 3600 2476
12
484 464 456 459 238 206 209 243 577 276 277 866
1804 3600 2477
9
486 487 492 474 469 499 430 414 404
1804 3600 2477
6
576 516 512 509 246 243
1810 3600 2469
10
281 769 779 886 644 614 615 627 671 754
1810 3600 2469
12
514 480 462 457 471 503 530 527 539 557 316 298
1805 3600 2476
7
563 583 658 653 882 876 776
1801 3600 2481
11
569 593 282 44 16 4 5 21 53 122 116
1806 3600 2474
14
587 658 653 644 614 617 649 98 101 723 726 718 90 91
1800 3600 2483
4
570 562 514 480
1808 3600 2472
12
594 570 562 514 480 462 457 471 503 530 527 537
1806 3600 2474
10
777 586 574 562 520 508 509 240 241 518
1807 3600 2473
12
710 711 857 840 98 70 58 59 75 113 183 893
1805 3600 2476
7
856 857 840 98 101 94 68
1804 3600 2477
4
780 286 46 42
1803 3600 2478
12
586 568 565 496 468 465 489 524 527 539 555 318
1810 3600 2469
10
45 283 771 100 101 721 837 845 860 852
1807 3600 2473
5
283 771 100 101 721
1806 3600 2474
12
878 875 881 654 620 602 595 605 629 673 790 791
1806 3600 2474
6
892 878 875 844 652 647
1801 3600 2481
6
1 11 33 62 55 67
1801 3600 2481
15
11 35 774 775 875 881 654 620 602 597 609 637 384 381 699
1807 3600 2473
6
17 27 774 775 877 891
1810 3600 2469
14
6 1 11 35 774 775 875 881 654 657 584 581 732 704
1805 3600 2476
3
25 285 770
1801 3600 2481
21
10 11 33 62 55 67 95 718 719 747 758 759 821 828 818 684 679 800 801 807 342
1808 3600 2472
15
22 6 1 11 33 62 55 67 95 718 719 745 873 834 835
1809 3600 2470
15
115 123 135 162 155 167 171 181 187 445 449 453 751 759 821
1801 3600 2481
16
121 54 22 6 1 7 25 285 777 586 568 565 575 740 486 483
1810 3600 2469
19
118 115 121 54 22 6 3 15 43 272 264 265 275 578 244 210 207 235 416
1806 3600 2474
9
133 138 135 175 114 76 77 64 67
1809 3600 2470
14
135 175 38 35 774 775 875 881 654 657 584 581 732 704
1800 3600 2483
4
141 140 137 32
1804 3600 2477
5
164 165 175 183 895
1808 3600 2472
8
178 164 165 175 114 76 60 57
1806 3600 2474
4
134 54 51 48
1810 3600 2469
8
227 410 405 417 433 530 527 539
1801 3600 2481
3
407 421 437
1804 3600 2477
13
413 429 506 501 531 543 551 376 356 359 387 794 791
1806 3600 2474
4
406 407 423 441
1803 3600 2478
10
412 415 236 208 209 243 577 276 266 40
1807 3600 2473
21
429 506 501 531 543 551 659 692 693 642 624 602 599 617 649 98 101 723 726 718 90
1802 3600 2480
11
416 413 429 506 503 530 525 398 368 365 306
1810 3600 2469
12
418 406 403 415 236 208 209 243 577 276 266 40
1800 3600 2483
11
420 406 409 228 202 192 195 215 251 727 866
1810 3600 2469
9
476 238 206 209 243 577 276 266 40
1808 3600 2472
7
517 242 206 209 243 577 715
1809 3600 2470
10
500 476 238 206 209 243 577 276 266 40
1808 3600 2472
12
436 433 504 501 531 543 551 659 692 664 380 381
1805 3600 2476
10
195 215 249 522 519 559 567 585 778 779
1803 3600 2478
4
199 223 741 766
1801 3600 2481
8
209 243 577 276 266 263 271 44
1809 3600 2470
4
215 251 727 866
1809 3600 2470
9
235 416 413 429 506 503 530 527 537
1800 3600 2483
8
237 460 457 471 503 530 527 539
1809 3600 2470
5
210 205 237 475 499
1808 3600 2472
5
475 499 430 414 411
1801 3600 2481
10
507 519 561 569 593 282 44 16 4 5
1808 3600 2472
11
240 237 460 457 471 503 541 318 300 292 289
1809 3600 2470
5
242 206 194 197 221
1802 3600 2480
4
249 522 519 561
1810 3600 2469
11
262 263 271 44 45 26 8 9 31 138 135
1809 3600 2470
7
271 44 16 4 5 21 51
1802 3600 2480
5
279 768 594 570 571
1809 3600 2470
5
521 577 276 266 40
1805 3600 2476
6
244 210 207 235 416 411
1806 3600 2474
6
572 569 593 282 44 16
1810 3600 2469
10
590 591 656 620 602 595 605 633 681 756
1801 3600 2481
13
716 590 591 778 779 888 884 844 652 649 98 101 723
1807 3600 2473
15
278 279 768 769 779 888 889 878 776 773 106 80 81 111 174
1800 3600 2483
4
280 277 866 862
1810 3600 2469
5
41 16 4 5 21
1802 3600 2480
3
126 127 141
1804 3600 2477
20
147 52 22 6 3 15 43 272 264 265 275 578 244 210 207 204 199 225 743 444
1803 3600 2478
14
438 422 408 405 417 433 530 525 398 368 352 353 371 395
1805 3600 2476
28
439 442 443 744 226 200 203 208 209 243 522 519 559 563 583 658 653 644 614 617 649 98 101 723 726 718 90 91
1809 3600 2470
10
443 744 226 200 192 195 215 251 727 866
1808 3600 2472
10
230 227 410 405 417 433 541 318 300 292
1805 3600 2476
15
765 742 224 200 203 233 242 237 460 455 463 483 702 690 664
1809 3600 2470
4
764 765 742 260
1809 3600 2470
21
742 260 220 221 247 249 522 519 559 563 583 658 653 882 876 776 773 36 37 176 166
1801 3600 2481
13
444 424 408 405 417 433 530 525 398 368 352 353 371
1810 3600 2469
7
219 259 741 766 763 440 437
1800 3600 2483
22
200 203 208 209 243 522 519 559 563 583 658 653 644 614 617 649 98 101 723 726 718 90
1800 3600 2483
7
222 219 259 741 766 763 440
1804 3600 2477
12
218 198 193 205 237 460 457 471 503 530 527 539
1805 3600 2476
21
220 221 247 249 522 519 559 563 583 658 653 644 614 617 649 98 101 723 726 718 90
1801 3600 2481
4
741 766 763 440
1806 3600 2474
11
258 259 224 200 203 233 242 237 460 461 481
1803 3600 2478
9
256 218 221 247 249 577 276 266 40
1801 3600 2481
6
865 728 252 216 196 191
1805 3600 2476
3
49 150 151
1802 3600 2480
22
52 22 6 3 15 43 272 264 265 275 578 244 210 207 204 199 225 743 444 441 440 437
1805 3600 2476
21
132 120 115 121 54 22 6 3 15 43 281 594 570 562 514 480 462 457 471 503 434
1804 3600 2477
16
50 47 52 22 6 1 11 35 774 775 875 881 654 657 584 581
1807 3600 2473
10
152 132 120 115 121 54 22 6 3 15
