269
30.2526701 120.1752089 26041236 1 
30.2525436 120.175191 5034020842 1 
30.2527923 120.1736974 27271948 1 
30.2526569 120.1753716 3866674840 1 
30.2526675 120.173672 5034020841 1 
30.2525281 120.1753611 5034020843 1 
30.2495865 120.1746931 5288969427 1 
30.2560855 120.171673 26202763 1 
30.253031 120.1714523 27271941 1 
30.258411 120.1782717 27272049 1 
30.2523985 120.1777496 3386083890 1 
30.2480112 120.1742577 26041240 1 
30.2478568 120.1741927 26592202 1 
30.2480688 120.172712 330039852 1 
30.2479809 120.1744222 3866674844 1 
30.2494166 120.1746591 5288969425 1 
30.2478222 120.1743791 3866674845 1 
30.2451837 120.1732809 26684956 0 
30.247932 120.172583 52572292 1 
30.2481176 120.1706761 52571299 1 
30.2495913 120.1731457 5288969214 1 
30.2475301 120.1753929 105176736 1 
30.249406 120.1748589 5288969446 1 
30.2521304 120.1809495 26056842 1 
30.2520875 120.1808285 3386083864 1 
30.251837 120.181438 26882368 1 
30.2562206 120.1825871 27272021 1 
30.2520435 120.1803585 3386083865 1 
30.2515918 120.1807111 3386083885 1 
30.2514671 120.1811809 3386083881 1 
30.2569793 120.1798037 27272052 1 
30.2582854 120.1826588 5309515459 1 
30.2491662 120.1795444 26056843 0 
30.2494453 120.1797337 4127577032 1 
30.2490372 120.1789944 105176634 1 
30.2474364 120.1777003 26056844 1 
30.2493428 120.1790996 105176476 1 
30.2495042 120.1796501 4127577033 1 
30.2509658 120.1807653 3872795223 1 
30.2472201 120.1773684 26304806 1 
30.2494897 120.1756946 31564885 1 
30.2495939 120.1748959 4127577038 0 
30.247185 120.176145 26304808 1 
30.245994 120.1765569 3357266207 1 
30.2564931 120.1625123 26202758 1 
30.2564739 120.1614453 26607278 1 
30.25638 120.1624821 5289133046 1 
30.2565472 120.1645077 26607138 1 
30.2579953 120.1629493 26882444 1 
30.2570085 120.1614073 330179563 1 
30.2564353 120.1603985 36154991 1 
30.2563569 120.1614605 5289133045 1 
30.2552248 120.1621742 29559135 1 
30.2564353 120.1645185 5289133047 1 
30.2580385 120.1643241 60168003 1 
30.2565964 120.1653026 3390572587 1 
30.2595108 120.163185 26882507 1 
30.2579602 120.161693 28583703 1 
30.2564676 120.1675393 4734564469 1 
30.2566383 120.1675379 2688191005 1 
30.2544781 120.1676699 4813552524 1 
30.2564826 120.1671987 4815884924 1 
30.2531065 120.1677464 3614344357 1 
30.2529032 120.1714434 5034020840 1 
30.2482389 120.1560885 26287337 1 
30.2482457 120.1562197 5297175901 1 
30.2475 120.154335 770692024 0 
30.2483501 120.156085 26592095 1 
30.2482528 120.1579015 30067209 1 
30.2424937 120.1576582 5051334839 1 
30.2483487 120.1562145 5297175900 1 
30.2501012 120.1558927 33993008 1 
30.2430147 120.1576969 26287344 1 
30.2434727 120.157775 5180184820 1 
30.2430291 120.1600138 5034020820 1 
30.2437169 120.1577952 4776936211 1 
30.2433293 120.156029 4470979891 0 
30.2425097 120.1572163 5051334840 0 
30.2437701 120.159966 4776936207 1 
30.2430333 120.1607353 5051333074 1 
30.2439065 120.1600428 5051333076 1 
30.2482372 120.1597025 26287347 1 
30.2482407 120.1598424 5034020816 1 
30.2466948 120.1597996 4776936196 1 
30.248334 120.1597032 26592079 1 
30.2482417 120.1588607 4776936200 1 
30.2483355 120.1598353 5034020815 1 
30.2482541 120.1618075 5329697444 0 
30.2470349 120.1598999 5034020818 1 
30.2455826 120.1598203 34711892 1 
30.2466898 120.1588972 4776936197 1 
30.2483509 120.1578931 136469026 1 
30.2499695 120.1596205 26607211 1 
30.256332 120.1593541 26287349 1 
30.2562663 120.1594923 5289133043 1 
30.2551162 120.1594068 27448282 1 
30.2578253 120.1592969 3439411274 1 
30.256393 120.1594682 5034020808 1 
30.2551222 120.1595268 5034020809 1 
30.2563127 120.1604014 5289133044 1 
30.2539656 120.1594586 26592037 1 
30.2550887 120.1581167 6453609447 0 
30.2593483 120.159231 27446969 1 
30.2579172 120.1593916 3439411269 1 
30.2456139 120.17663 26304805 1 
30.2441604 120.1755755 330039844 1 
30.2459532 120.1763271 3357266206 1 
30.24307 120.1724058 26684958 1 
30.247013 120.1759356 26592203 1 
30.2528096 120.1617569 26480117 1 
30.2527348 120.1617629 5034020831 1 
30.252753 120.1605511 28583756 1 
30.2540197 120.1617486 26482520 1 
30.2528176 120.1618403 5290737078 1 
30.251532 120.1617524 26882436 1 
30.2526581 120.160531 5034020830 1 
30.2527393 120.161847 5292919123 1 
30.2539974 120.1604545 28583744 1 
30.2527394 120.1596244 5034020827 1 
30.2541655 120.1637317 26592198 1 
30.2528536 120.1637773 36154970 1 
30.2551495 120.1604288 36154971 1 
30.2539838 120.1595674 5034020810 1 
30.2542095 120.1656301 26592197 1 
30.2552926 120.1636871 28583713 1 
30.2551977 120.1615575 60168015 1 
30.252625 120.1595042 26514771 1 
30.2526525 120.1596271 5034020826 1 
30.250893 120.1595619 26882430 1 
30.2522165 120.157498 243682006 1 
30.252739 120.1595221 3928504151 1 
30.251472 120.1596628 5034020811 1 
30.2508844 120.1575546 243682001 1 
30.250909 120.159684 5034020812 1 
30.250868 120.1561179 5297175897 1 
30.2508671 120.1559883 28897755 1 
30.2539391 120.1588308 6453609459 0 
30.2529958 120.1657667 26592055 1 
30.2529204 120.1657671 5034020833 1 
30.2530247 120.1663154 5046598079 1 
30.2527808 120.1637745 5034020832 1 
30.2564774 120.1653193 5289133048 1 
30.2498399 120.1659126 4475232898 1 
30.2529496 120.1663187 7314757893 1 
30.2530894 120.1671513 3388725402 1 
30.2563997 120.165711 5046598076 0 
30.2482499 120.1674683 26592063 1 
30.2481518 120.1674741 26592106 1 
30.2483051 120.1659267 26592145 1 
30.2482387 120.1677404 3388726382 1 
30.2492802 120.167462 5288969421 1 
30.2481351 120.1677376 3388726383 1 
30.2451098 120.1676007 3388726380 1 
30.2482562 120.1627951 35835335 1 
30.2483834 120.1628176 35835334 1 
30.2497577 120.1659182 5292919128 1 
30.2492761 120.1676631 5288969420 1 
30.2482253 120.1680649 3614344353 1 
30.2493988 120.1674533 5045917154 1 
30.2499652 120.1597555 5034020825 1 
30.2500836 120.1575699 243681990 1 
30.2483826 120.1617005 26592121 1 
30.2501022 120.1560312 5297175899 1 
30.2481116 120.1680697 31564868 1 
30.2451104 120.1678082 263646218 1 
30.245122 120.1644174 29559121 1 
30.2425986 120.1676334 3388726381 1 
30.2479618 120.1672938 3357266262 1 
30.2497902 120.1617115 5498653435 1 
30.2483827 120.1618409 5568852439 1 
30.2475504 120.1618168 4776936173 1 
30.2499122 120.1617144 26607215 1 
30.2499162 120.1606059 26882437 1 
30.2497856 120.1618419 5292919126 1 
30.2484701 120.1673781 35835287 1 
30.256493 120.1669194 5502556885 0 
30.2458528 120.1717737 52571734 1 
30.2479912 120.1706618 52571314 1 
30.2469006 120.1721919 52571696 1 
30.256623 120.1669045 330039862 1 
30.2508586 120.1617296 3394764062 1 
30.2499108 120.1618391 5292917320 1 
30.2508764 120.1605813 4910855745 1 
30.2498312 120.1639977 5200235386 1 
30.251535 120.161855 5292919122 1 
30.2579522 120.1613516 36518380 1 
30.2573384 120.1604051 330179559 1 
30.245582 120.1716637 52571748 1 
30.2417282 120.1716898 31564847 1 
30.2424335 120.1678118 3396376718 1 
30.2421661 120.1704395 52571967 1 
30.2514814 120.18086 3872795220 1 
30.251504 120.1605939 3439425372 1 
30.2515897 120.1637224 52574369 1 
30.2594288 120.1616321 28583708 1 
30.2600346 120.1626239 5054176608 0 
30.2593867 120.160353 27446995 1 
30.253096 120.1673989 3388727485 1 
30.2497136 120.1709319 52574330 1 
30.252991 120.1674057 5034020835 1 
30.2496803 120.173172 52571580 1 
30.258338 120.1798392 27272050 1 
30.2572067 120.1781788 27272056 1 
30.2600776 120.1826929 5309515460 0 
30.2591678 120.1549112 4017682365 0 
30.2593507 120.1593333 3439411272 1 
30.2579309 120.1604374 27446994 1 
30.2579263 120.1595136 330179553 1 
30.2447326 120.159916 29559119 1 
30.2447415 120.1599985 5034020819 1 
30.2456319 120.159211 4776936206 1 
30.2449104 120.1619057 29559122 1 
30.2449893 120.163066 4776936179 1 
30.2429425 120.1644846 29559125 1 
30.2476322 120.1650954 4776936170 1 
30.2475463 120.1628083 4776936174 1 
30.2429403 120.1634494 4776936185 1 
30.2425714 120.1674557 31564859 1 
30.2481277 120.1651504 267699992 0 
30.2430132 120.162098 29559123 1 
30.2470267 120.1618223 303474834 1 
30.2424411 120.1676235 4089096054 1 
30.2479707 120.1579345 5051334846 1 
30.2466177 120.1580123 4776936199 1 
30.2478915 120.1587691 5051334849 0 
30.2426032 120.1678154 3388726387 1 
30.2438304 120.1710668 52571931 1 
30.2423341 120.1697635 52571952 1 
30.2425325 120.1681606 31564860 1 
30.2455686 120.1681661 52572010 1 
30.2424805 120.1688354 3754133575 1 
30.2455396 120.1691431 3754129253 1 
30.2480273 120.1698988 35835586 1 
30.2481497 120.1698984 35835355 1 
30.2492817 120.1679525 5288969402 1 
30.2479412 120.1681223 35835278 1 
30.2456634 120.1579633 34711879 1 
30.2517046 120.1673122 35835267 1 
30.2451844 120.1676522 35835304 1 
30.2484166 120.168107 35835282 1 
30.2478545 120.1673922 35835273 1 
30.2432618 120.1676607 2282156245 0 
30.251694 120.1674252 35835269 1 
30.258957 120.1670243 3388727481 1 
30.2452006 120.167752 35835300 1 
30.2566328 120.167202 4815884927 1 
30.2483573 120.1681426 35835281 1 
30.2478131 120.1679822 35835277 1 
30.2432641 120.1677627 2282156249 0 
30.2496136 120.1708979 5288969215 1 
30.247129 120.1706982 52571612 1 
30.2458297 120.1705331 52571820 1 
30.2495968 120.1694718 52574278 1 
30.2455128 120.1703314 52571858 1 
30.2439886 120.1700882 52571897 1 
30.2480031 120.1690417 5348476548 0 
30.2493918 120.1679438 52573458 1 
30.2493927 120.1676583 3388727486 1 
30.2515288 120.1677839 4815879711 1 
30.252002 120.1674701 3931988750 1 
30.2516074 120.1694353 4840058759 1 
30.2518517 120.1699032 4815879717 0 
30.2487238 120.1816395 287528745 1 
30.2469233 120.1823007 361031281 0 
30.248788 120.1816809 287529082 0 
30.2517734 120.1802439 3386083868 1 
30.2529823 120.1671687 5034020834 1 
30.2541125 120.1673322 4813552523 1 
30.2495865 120.1665182 5045917153 1 
448
26041236 5034020842 14.171 13.88888888888889 3 3 1 2 
1 0 0 0 1 0 0 0 1 
1 0 0 0 1 0 0 0 1 
26041236 27271948 145.839 16.666666666666668 3 3 3 4 
1 0 0 0 1 0 0 0 1 
1 0 0 0 1 0 0 0 1 
26041236 3866674840 15.696 16.666666666666668 3 3 5 6 
1 0 0 0 1 0 0 0 1 
1 0 0 0 1 0 0 0 1 
5034020842 5034020841 146.565 16.666666666666668 3 3 7 8 
1 0 0 0 1 0 0 0 1 
1 0 0 0 1 0 0 0 1 
5034020842 5034020843 16.429 16.666666666666668 3 3 9 10 
1 0 0 0 1 0 0 0 1 
1 0 0 0 1 0 0 0 1 
5034020842 5288969427 332.387 13.88888888888889 3 3 11 12 
1 0 0 0 1 0 0 0 1 
1 0 0 0 1 0 0 0 1 
27271948 26202763 574.464 9.722222222222221 3 3 13 14 
1 0 0 0 1 0 0 0 1 
1 0 0 0 1 0 0 0 1 
27271948 27271941 217.275 16.666666666666668 3 3 15 16 
1 0 0 0 1 0 0 0 1 
1 0 0 0 1 0 0 0 1 
27271948 5034020841 14.09 9.722222222222221 3 3 17 18 
1 0 0 0 1 0 0 0 1 
1 0 0 0 1 0 0 0 1 
3866674840 27272049 933.0489999999999 9.722222222222221 3 3 19 20 
1 0 0 0 1 0 0 0 1 
1 0 0 0 1 0 0 0 1 
3866674840 3386083890 230.801 13.88888888888889 3 3 21 22 
1 0 0 0 1 0 0 0 1 
1 0 0 0 1 0 0 0 1 
3866674840 5034020843 14.357 13.88888888888889 3 3 23 24 
1 0 0 0 1 0 0 0 1 
1 0 0 0 1 0 0 0 1 
5034020841 5034020840 215.659 16.666666666666668 3 3 25 26 
1 0 0 0 1 0 0 0 1 
1 0 0 0 1 0 0 0 1 
5034020841 52571580 335.69 9.722222222222221 3 3 27 28 
1 0 0 0 1 0 0 0 1 
1 0 0 0 1 0 0 0 1 
5034020843 4127577038 329.465 13.88888888888889 3 3 29 30 
1 0 0 0 1 0 0 0 1 
1 0 0 0 1 0 0 0 1 
5034020843 3386083868 477.056 13.88888888888889 3 3 31 32 
1 0 0 0 1 0 0 0 1 
1 0 0 0 1 0 0 0 1 
5288969427 5288969425 19.172 13.88888888888889 3 3 33 34 
1 0 0 0 1 0 0 0 1 
1 0 0 0 1 0 0 0 1 
5288969427 52571580 146.61399999999998 13.88888888888889 3 3 35 36 
1 0 0 0 1 0 0 0 1 
1 0 0 0 1 0 0 0 1 
5288969427 4127577038 19.497 13.88888888888889 3 3 37 38 
1 0 0 0 1 0 0 0 1 
1 0 0 0 1 0 0 0 1 
26202763 4734564469 404.24199999999996 9.722222222222221 3 3 39 40 
1 0 0 0 1 0 0 0 1 
1 0 0 0 1 0 0 0 1 
26202763 27271941 340.306 9.722222222222221 3 3 41 42 
1 0 0 0 1 0 0 0 1 
1 0 0 0 1 0 0 0 1 
27271941 3614344357 356.549 16.666666666666668 3 3 43 44 
1 0 0 0 1 0 0 0 1 
1 0 0 0 1 0 0 0 1 
27271941 5034020840 14.236 9.722222222222221 3 3 45 46 
1 0 0 0 1 0 0 0 1 
1 0 0 0 1 0 0 0 1 
27272049 27272056 134.209 9.722222222222221 3 3 47 48 
1 0 0 0 1 0 0 0 1 
1 0 0 0 1 0 0 0 1 
27272049 27272050 150.774 9.722222222222221 3 3 49 50 
1 0 0 0 1 0 0 0 1 
1 0 0 0 1 0 0 0 1 
3386083890 27272056 537.76 9.722222222222221 3 3 51 52 
1 0 0 0 1 0 0 0 1 
1 0 0 0 1 0 0 0 1 
3386083890 3386083865 253.681 13.88888888888889 3 3 53 54 
1 0 0 0 1 0 0 0 1 
1 0 0 0 1 0 0 0 1 
26041240 26592202 18.269 13.88888888888889 3 3 55 56 
1 0 0 0 1 0 0 0 1 
1 0 0 0 1 0 0 0 1 
26041240 330039852 148.741 13.88888888888889 3 3 57 58 
1 0 0 0 1 0 0 0 1 
1 0 0 0 1 0 0 0 1 
26041240 3866674844 16.156 13.88888888888889 3 3 59 60 
1 0 0 0 1 0 0 0 1 
1 0 0 0 1 0 0 0 1 
26041240 5288969425 160.974 13.88888888888889 3 3 61 62 
1 0 0 0 1 0 0 0 1 
1 0 0 0 1 0 0 0 1 
26592202 3866674845 18.314 13.88888888888889 3 3 63 64 
1 0 0 0 1 0 0 0 1 
1 0 0 0 1 0 0 0 1 
26592202 26684956 319.696 13.88888888888889 3 3 65 66 
1 0 0 0 1 0 0 0 1 
1 0 0 0 1 0 0 0 1 
26592202 52572292 154.943 13.88888888888889 3 3 67 68 
1 0 0 0 1 0 0 0 1 
1 0 0 0 1 0 0 0 1 
330039852 52571299 195.636 13.88888888888889 3 3 69 70 
1 0 0 0 1 0 0 0 1 
1 0 0 0 1 0 0 0 1 
330039852 5288969214 174.455 9.722222222222221 3 3 71 72 
1 0 0 0 1 0 0 0 1 
1 0 0 0 1 0 0 0 1 
3866674844 105176736 105.862 13.88888888888889 3 3 73 74 
1 0 0 0 1 0 0 0 1 
1 0 0 0 1 0 0 0 1 
3866674844 5288969446 163.928 13.88888888888889 3 3 75 76 
1 0 0 0 1 0 0 0 1 
1 0 0 0 1 0 0 0 1 
3866674844 3866674845 18.126 13.88888888888889 3 3 77 78 
1 0 0 0 1 0 0 0 1 
1 0 0 0 1 0 0 0 1 
5288969425 5288969214 146.684 13.88888888888889 3 3 79 80 
1 0 0 0 1 0 0 0 1 
1 0 0 0 1 0 0 0 1 
5288969425 5288969446 19.228 13.88888888888889 3 3 81 82 
1 0 0 0 1 0 0 0 1 
1 0 0 0 1 0 0 0 1 
3866674845 26592203 174.808 13.88888888888889 3 3 83 84 
1 0 0 0 1 0 0 0 1 
1 0 0 0 1 0 0 0 1 
3866674845 26684956 315.563 13.88888888888889 3 3 85 86 
1 0 0 0 1 0 0 0 1 
1 0 0 0 1 0 0 0 1 
26684956 330039844 248.262 13.88888888888889 3 3 87 88 
1 0 0 0 1 0 0 0 1 
1 0 0 0 1 0 0 0 1 
26684956 52571734 164.13799999999998 9.722222222222221 3 3 89 90 
1 0 0 0 1 0 0 0 1 
1 0 0 0 1 0 0 0 1 
26684956 26684958 250.23700000000002 9.722222222222221 3 3 91 92 
1 0 0 0 1 0 0 0 1 
1 0 0 0 1 0 0 0 1 
52572292 52571314 184.661 13.88888888888889 3 3 93 94 
1 0 0 0 1 0 0 0 1 
1 0 0 0 1 0 0 0 1 
52572292 52571696 120.72 9.722222222222221 3 3 95 96 
1 0 0 0 1 0 0 0 1 
1 0 0 0 1 0 0 0 1 
52571299 35835355 74.788 13.88888888888889 3 3 97 98 
1 0 0 0 1 0 0 0 1 
1 0 0 0 1 0 0 0 1 
52571299 5288969215 168.888 9.722222222222221 3 3 99 100 
1 0 0 0 1 0 0 0 1 
1 0 0 0 1 0 0 0 1 
52571299 52571314 14.122 9.722222222222221 3 3 101 102 
1 0 0 0 1 0 0 0 1 
1 0 0 0 1 0 0 0 1 
5288969214 5288969215 215.966 13.88888888888889 3 3 103 104 
1 0 0 0 1 0 0 0 1 
1 0 0 0 1 0 0 0 1 
5288969214 52571580 10.214 9.722222222222221 3 3 105 106 
1 0 0 0 1 0 0 0 1 
1 0 0 0 1 0 0 0 1 
105176736 26304808 81.803 13.88888888888889 3 3 107 108 
1 0 0 0 1 0 0 0 1 
1 0 0 0 1 0 0 0 1 
105176736 31564885 232.06099999999998 9.722222222222221 3 3 109 110 
1 0 0 0 1 0 0 0 1 
1 0 0 0 1 0 0 0 1 
5288969446 31564885 80.811 11.11111111111111 3 3 111 112 
1 0 0 0 1 0 0 0 1 
1 0 0 0 1 0 0 0 1 
5288969446 4127577038 21.194 13.88888888888889 3 3 113 114 
1 0 0 0 1 0 0 0 1 
1 0 0 0 1 0 0 0 1 
26056842 3386083864 12.563 16.666666666666668 3 3 115 116 
1 0 0 0 1 0 0 0 1 
1 0 0 0 1 0 0 0 1 
26056842 26882368 64.041 16.666666666666668 3 3 117 118 
1 0 0 0 1 0 0 0 1 
1 0 0 0 1 0 0 0 1 
26056842 27272021 506.71299999999997 16.666666666666668 3 3 119 120 
1 0 0 0 1 0 0 0 1 
1 0 0 0 1 0 0 0 1 
3386083864 3386083865 45.409 13.88888888888889 3 3 121 122 
1 0 0 0 1 0 0 0 1 
1 0 0 0 1 0 0 0 1 
3386083864 3386083885 62.760000000000005 16.666666666666668 3 3 123 124 
1 0 0 0 1 0 0 0 1 
1 0 0 0 1 0 0 0 1 
26882368 27272021 517.4390000000001 9.722222222222221 3 3 125 126 
1 0 0 0 1 0 0 0 1 
1 0 0 0 1 0 0 0 1 
26882368 3386083881 51.608000000000004 16.666666666666668 3 3 127 128 
1 0 0 0 1 0 0 0 1 
1 0 0 0 1 0 0 0 1 
27272021 27272052 283.46700000000004 9.722222222222221 3 3 129 130 
1 0 0 0 1 0 0 0 1 
1 0 0 0 1 0 0 0 1 
27272021 5309515459 229.727 16.666666666666668 3 3 131 132 
1 0 0 0 1 0 0 0 1 
1 0 0 0 1 0 0 0 1 
3386083865 3386083868 43.565 13.88888888888889 3 3 133 134 
1 0 0 0 1 0 0 0 1 
1 0 0 0 1 0 0 0 1 
3386083885 4127577033 256.621 13.88888888888889 3 3 135 136 
1 0 0 0 1 0 0 0 1 
1 0 0 0 1 0 0 0 1 
3386083885 3386083868 49.394 13.88888888888889 3 3 137 138 
1 0 0 0 1 0 0 0 1 
1 0 0 0 1 0 0 0 1 
3386083885 3872795220 18.974 16.666666666666668 3 3 139 140 
1 0 0 0 1 0 0 0 1 
1 0 0 0 1 0 0 0 1 
3386083881 3872795220 31.655 16.666666666666668 3 3 141 142 
1 0 0 0 1 0 0 0 1 
1 0 0 0 1 0 0 0 1 
3386083881 3872795223 68.733 13.88888888888889 3 3 143 144 
1 0 0 0 1 0 0 0 1 
1 0 0 0 1 0 0 0 1 
27272052 27272050 151.723 9.722222222222221 3 3 145 146 
1 0 0 0 1 0 0 0 1 
1 0 0 0 1 0 0 0 1 
27272052 27272056 158.268 9.722222222222221 3 3 147 148 
1 0 0 0 1 0 0 0 1 
1 0 0 0 1 0 0 0 1 
5309515459 27272050 270.904 9.722222222222221 3 3 149 150 
1 0 0 0 1 0 0 0 1 
1 0 0 0 1 0 0 0 1 
5309515459 5309515460 199.311 16.666666666666668 3 3 151 152 
1 0 0 0 1 0 0 0 1 
1 0 0 0 1 0 0 0 1 
26056843 4127577032 35.969 13.88888888888889 3 3 153 154 
1 0 0 0 1 0 0 0 1 
1 0 0 0 1 0 0 0 1 
26056843 105176634 54.743 11.11111111111111 3 3 155 156 
1 0 0 0 1 0 0 0 1 
1 0 0 0 1 0 0 0 1 
26056843 26056844 283.227 11.11111111111111 3 3 157 158 
1 0 0 0 1 0 0 0 1 
1 0 0 0 1 0 0 0 1 
26056843 105176476 47.022 11.11111111111111 3 3 159 160 
1 0 0 0 1 0 0 0 1 
1 0 0 0 1 0 0 0 1 
26056843 4127577033 38.931 13.88888888888889 3 3 161 162 
1 0 0 0 1 0 0 0 1 
1 0 0 0 1 0 0 0 1 
4127577032 3872795223 195.97 13.88888888888889 3 3 163 164 
1 0 0 0 1 0 0 0 1 
1 0 0 0 1 0 0 0 1 
4127577032 4127577033 10.362 11.11111111111111 3 3 165 166 
1 0 0 0 1 0 0 0 1 
1 0 0 0 1 0 0 0 1 
105176634 26056844 221.524 11.11111111111111 3 3 167 168 
1 0 0 0 1 0 0 0 1 
1 0 0 0 1 0 0 0 1 
105176634 105176476 37.840999999999994 11.11111111111111 3 3 169 170 
1 0 0 0 1 0 0 0 1 
1 0 0 0 1 0 0 0 1 
26056844 26304806 39.936 11.11111111111111 3 3 171 172 
1 0 0 0 1 0 0 0 1 
1 0 0 0 1 0 0 0 1 
105176476 31564885 332.85200000000003 11.11111111111111 3 3 173 174 
1 0 0 0 1 0 0 0 1 
1 0 0 0 1 0 0 0 1 
4127577033 4127577038 463.29100000000005 11.11111111111111 3 3 175 176 
1 0 0 0 1 0 0 0 1 
1 0 0 0 1 0 0 0 1 
3872795223 3872795220 58.863 13.88888888888889 3 3 177 178 
1 0 0 0 1 0 0 0 1 
1 0 0 0 1 0 0 0 1 
26304806 26304808 141.813 13.88888888888889 3 3 179 180 
1 0 0 0 1 0 0 0 1 
1 0 0 0 1 0 0 0 1 
26304806 3357266207 157.047 13.88888888888889 3 3 181 182 
1 0 0 0 1 0 0 0 1 
1 0 0 0 1 0 0 0 1 
4127577038 287528745 669.231 16.666666666666668 3 3 183 184 
1 0 0 0 1 0 0 0 1 
1 0 0 0 1 0 0 0 1 
26304808 26592203 485.99899999999997 13.88888888888889 3 3 185 186 
1 0 0 0 1 0 0 0 1 
1 0 0 0 1 0 0 0 1 
3357266207 26304805 44.476 13.88888888888889 3 3 187 188 
1 0 0 0 1 0 0 0 1 
1 0 0 0 1 0 0 0 1 
3357266207 3357266206 23.212 13.88888888888889 3 3 189 190 
1 0 0 0 1 0 0 0 1 
1 0 0 0 1 0 0 0 1 
26202758 26607278 102.505 13.88888888888889 3 3 191 192 
1 0 0 0 1 0 0 0 1 
1 0 0 0 1 0 0 0 1 
26202758 5289133046 12.906 13.88888888888889 3 3 193 194 
1 0 0 0 1 0 0 0 1 
1 0 0 0 1 0 0 0 1 
26202758 26607138 191.74800000000002 13.88888888888889 3 3 195 196 
1 0 0 0 1 0 0 0 1 
1 0 0 0 1 0 0 0 1 
26202758 26882444 172.23 13.88888888888889 3 3 197 198 
1 0 0 0 1 0 0 0 1 
1 0 0 0 1 0 0 0 1 
26607278 330179563 59.557 9.722222222222221 3 3 199 200 
1 0 0 0 1 0 0 0 1 
1 0 0 0 1 0 0 0 1 
26607278 36154991 100.635 13.88888888888889 3 3 201 202 
1 0 0 0 1 0 0 0 1 
1 0 0 0 1 0 0 0 1 
26607278 5289133045 13.091 9.722222222222221 3 3 203 204 
1 0 0 0 1 0 0 0 1 
1 0 0 0 1 0 0 0 1 
5289133046 29559135 131.813 13.88888888888889 3 3 205 206 
1 0 0 0 1 0 0 0 1 
1 0 0 0 1 0 0 0 1 
5289133046 5289133045 98.156 13.88888888888889 3 3 207 208 
1 0 0 0 1 0 0 0 1 
1 0 0 0 1 0 0 0 1 
5289133046 5289133047 195.688 13.88888888888889 3 3 209 210 
1 0 0 0 1 0 0 0 1 
1 0 0 0 1 0 0 0 1 
26607138 5289133047 12.486 9.722222222222221 3 3 211 212 
1 0 0 0 1 0 0 0 1 
1 0 0 0 1 0 0 0 1 
26607138 60168003 166.76100000000002 9.722222222222221 3 3 213 214 
1 0 0 0 1 0 0 0 1 
1 0 0 0 1 0 0 0 1 
26607138 3390572587 76.544 13.88888888888889 3 3 215 216 
1 0 0 0 1 0 0 0 1 
1 0 0 0 1 0 0 0 1 
26882444 26882507 170.092 13.88888888888889 3 3 217 218 
1 0 0 0 1 0 0 0 1 
1 0 0 0 1 0 0 0 1 
26882444 28583703 120.726 9.722222222222221 3 3 219 220 
1 0 0 0 1 0 0 0 1 
1 0 0 0 1 0 0 0 1 
26882444 60168003 132.136 9.722222222222221 3 3 221 222 
1 0 0 0 1 0 0 0 1 
1 0 0 0 1 0 0 0 1 
330179563 36518380 105.071 9.722222222222221 3 3 223 224 
1 0 0 0 1 0 0 0 1 
1 0 0 0 1 0 0 0 1 
330179563 330179559 103.334 9.722222222222221 3 3 225 226 
1 0 0 0 1 0 0 0 1 
1 0 0 0 1 0 0 0 1 
36154991 5034020808 89.478 13.88888888888889 3 3 227 228 
1 0 0 0 1 0 0 0 1 
1 0 0 0 1 0 0 0 1 
36154991 330179559 100.422 9.722222222222221 3 3 229 230 
1 0 0 0 1 0 0 0 1 
1 0 0 0 1 0 0 0 1 
36154991 5289133044 13.635 9.722222222222221 3 3 231 232 
1 0 0 0 1 0 0 0 1 
1 0 0 0 1 0 0 0 1 
5289133045 60168015 129.234 9.722222222222221 3 3 233 234 
1 0 0 0 1 0 0 0 1 
1 0 0 0 1 0 0 0 1 
5289133045 5289133044 101.843 13.88888888888889 3 3 235 236 
1 0 0 0 1 0 0 0 1 
1 0 0 0 1 0 0 0 1 
29559135 26482520 140.098 13.88888888888889 3 3 237 238 
1 0 0 0 1 0 0 0 1 
1 0 0 0 1 0 0 0 1 
29559135 28583713 145.51000000000002 9.722222222222221 3 3 239 240 
1 0 0 0 1 0 0 0 1 
1 0 0 0 1 0 0 0 1 
29559135 60168015 59.31 9.722222222222221 3 3 241 242 
1 0 0 0 1 0 0 0 1 
1 0 0 0 1 0 0 0 1 
5289133047 5289133048 77.058 13.88888888888889 3 3 243 244 
1 0 0 0 1 0 0 0 1 
1 0 0 0 1 0 0 0 1 
5289133047 28583713 214.751 9.722222222222221 3 3 245 246 
1 0 0 0 1 0 0 0 1 
1 0 0 0 1 0 0 0 1 
60168003 3390572587 240.89 9.722222222222221 3 3 247 248 
1 0 0 0 1 0 0 0 1 
1 0 0 0 1 0 0 0 1 
3390572587 5289133048 13.329 9.722222222222221 3 3 249 250 
1 0 0 0 1 0 0 0 1 
1 0 0 0 1 0 0 0 1 
3390572587 330039862 153.888 13.88888888888889 3 3 251 252 
1 0 0 0 1 0 0 0 1 
1 0 0 0 1 0 0 0 1 
26882507 28583708 149.427 9.722222222222221 3 3 253 254 
1 0 0 0 1 0 0 0 1 
1 0 0 0 1 0 0 0 1 
26882507 5054176608 130.07999999999998 8.333333333333334 3 3 255 256 
1 0 0 0 1 0 0 0 1 
1 0 0 0 1 0 0 0 1 
28583703 28583708 163.406 9.722222222222221 3 3 257 258 
1 0 0 0 1 0 0 0 1 
1 0 0 0 1 0 0 0 1 
28583703 36518380 32.802 9.722222222222221 3 3 259 260 
1 0 0 0 1 0 0 0 1 
1 0 0 0 1 0 0 0 1 
4734564469 2688191005 18.981 9.722222222222221 3 3 261 262 
1 0 0 0 1 0 0 0 1 
1 0 0 0 1 0 0 0 1 
4734564469 4813552524 221.57799999999997 9.722222222222221 3 3 263 264 
1 0 0 0 1 0 0 0 1 
1 0 0 0 1 0 0 0 1 
4734564469 4815884924 32.799 11.11111111111111 3 3 265 266 
1 0 0 0 1 0 0 0 1 
1 0 0 0 1 0 0 0 1 
2688191005 3388727481 321.398 9.722222222222221 3 3 267 268 
1 0 0 0 1 0 0 0 1 
1 0 0 0 1 0 0 0 1 
2688191005 4815884927 32.433 11.11111111111111 3 3 269 270 
1 0 0 0 1 0 0 0 1 
1 0 0 0 1 0 0 0 1 
4813552524 3614344357 152.692 9.722222222222221 3 3 271 272 
1 0 0 0 1 0 0 0 1 
1 0 0 0 1 0 0 0 1 
4813552524 4813552523 52.007 9.722222222222221 3 3 273 274 
1 0 0 0 1 0 0 0 1 
1 0 0 0 1 0 0 0 1 
4815884924 5502556885 26.851 13.88888888888889 3 3 275 276 
1 0 0 0 1 0 0 0 1 
1 0 0 0 1 0 0 0 1 
4815884924 4815884927 16.705 16.666666666666668 3 3 277 278 
1 0 0 0 1 0 0 0 1 
1 0 0 0 1 0 0 0 1 
4815884924 4813552523 263.88100000000003 16.666666666666668 3 3 279 280 
1 0 0 0 1 0 0 0 1 
1 0 0 0 1 0 0 0 1 
3614344357 3388727485 33.398 16.666666666666668 3 3 281 282 
1 0 0 0 1 0 0 0 1 
1 0 0 0 1 0 0 0 1 
5034020840 52574330 361.014 9.722222222222221 3 3 283 284 
1 0 0 0 1 0 0 0 1 
1 0 0 0 1 0 0 0 1 
5034020840 5034020835 388.426 16.666666666666668 3 3 285 286 
1 0 0 0 1 0 0 0 1 
1 0 0 0 1 0 0 0 1 
26287337 5297175901 12.625 13.88888888888889 3 3 287 288 
1 0 0 0 1 0 0 0 1 
1 0 0 0 1 0 0 0 1 
26287337 770692024 258.882 9.722222222222221 3 3 289 290 
1 0 0 0 1 0 0 0 1 
1 0 0 0 1 0 0 0 1 
26287337 26592095 12.369 16.666666666666668 3 3 291 292 
1 0 0 0 1 0 0 0 1 
1 0 0 0 1 0 0 0 1 
5297175901 30067209 161.549 13.88888888888889 3 3 293 294 
1 0 0 0 1 0 0 0 1 
1 0 0 0 1 0 0 0 1 
5297175901 5051334839 1248.412 13.88888888888889 3 3 295 296 
1 0 0 0 1 0 0 0 1 
1 0 0 0 1 0 0 0 1 
5297175901 5297175900 11.464 16.666666666666668 3 3 297 298 
1 0 0 0 1 0 0 0 1 
1 0 0 0 1 0 0 0 1 
26592095 33993008 195.663 16.666666666666668 3 3 299 300 
1 0 0 0 1 0 0 0 1 
1 0 0 0 1 0 0 0 1 
26592095 5297175900 12.44 13.88888888888889 3 3 301 302 
1 0 0 0 1 0 0 0 1 
1 0 0 0 1 0 0 0 1 
30067209 4776936200 92.145 13.88888888888889 3 3 303 304 
1 0 0 0 1 0 0 0 1 
1 0 0 0 1 0 0 0 1 
30067209 136469026 10.938 11.11111111111111 3 3 305 306 
1 0 0 0 1 0 0 0 1 
1 0 0 0 1 0 0 0 1 
30067209 5051334846 31.529 11.11111111111111 3 3 307 308 
1 0 0 0 1 0 0 0 1 
1 0 0 0 1 0 0 0 1 
5051334839 26287344 58.052 11.11111111111111 3 3 309 310 
1 0 0 0 1 0 0 0 1 
1 0 0 0 1 0 0 0 1 
5051334839 5051334840 42.486999999999995 8.333333333333334 3 3 311 312 
1 0 0 0 1 0 0 0 1 
1 0 0 0 1 0 0 0 1 
5297175900 136469026 161.24 13.88888888888889 3 3 313 314 
1 0 0 0 1 0 0 0 1 
1 0 0 0 1 0 0 0 1 
5297175900 5297175899 195.774 16.666666666666668 3 3 315 316 
1 0 0 0 1 0 0 0 1 
1 0 0 0 1 0 0 0 1 
33993008 28897755 85.898 16.666666666666668 3 3 317 318 
1 0 0 0 1 0 0 0 1 
1 0 0 0 1 0 0 0 1 
33993008 5297175899 13.304 11.11111111111111 3 3 319 320 
1 0 0 0 1 0 0 0 1 
1 0 0 0 1 0 0 0 1 
26287344 5180184820 51.477 11.11111111111111 3 3 321 322 
1 0 0 0 1 0 0 0 1 
1 0 0 0 1 0 0 0 1 
26287344 5034020820 222.574 11.11111111111111 3 3 323 324 
1 0 0 0 1 0 0 0 1 
1 0 0 0 1 0 0 0 1 
5180184820 4776936211 27.223 11.11111111111111 3 3 325 326 
1 0 0 0 1 0 0 0 1 
1 0 0 0 1 0 0 0 1 
5180184820 4470979891 173.728 9.722222222222221 3 3 327 328 
1 0 0 0 1 0 0 0 1 
1 0 0 0 1 0 0 0 1 
5034020820 4776936207 83.35300000000001 13.88888888888889 3 3 329 330 
1 0 0 0 1 0 0 0 1 
1 0 0 0 1 0 0 0 1 
5034020820 5051333074 69.31 11.11111111111111 3 3 331 332 
1 0 0 0 1 0 0 0 1 
1 0 0 0 1 0 0 0 1 
5034020820 5051333076 98.205 13.88888888888889 3 3 333 334 
1 0 0 0 1 0 0 0 1 
1 0 0 0 1 0 0 0 1 
4776936211 4776936207 209.591 8.333333333333334 3 3 335 336 
1 0 0 0 1 0 0 0 1 
1 0 0 0 1 0 0 0 1 
4776936211 34711879 217.043 11.11111111111111 3 3 337 338 
1 0 0 0 1 0 0 0 1 
1 0 0 0 1 0 0 0 1 
4776936207 29559119 107.133 13.88888888888889 3 3 339 340 
1 0 0 0 1 0 0 0 1 
1 0 0 0 1 0 0 0 1 
5051333074 29559123 131.709 11.11111111111111 3 3 341 342 
1 0 0 0 1 0 0 0 1 
1 0 0 0 1 0 0 0 1 
5051333074 5051333076 165.205 8.333333333333334 3 3 343 344 
1 0 0 0 1 0 0 0 1 
1 0 0 0 1 0 0 0 1 
5051333076 5034020819 92.945 13.88888888888889 3 3 345 346 
1 0 0 0 1 0 0 0 1 
1 0 0 0 1 0 0 0 1 
26287347 5034020816 13.444 13.88888888888889 3 3 347 348 
1 0 0 0 1 0 0 0 1 
1 0 0 0 1 0 0 0 1 
26287347 4776936196 171.78300000000002 13.88888888888889 3 3 349 350 
1 0 0 0 1 0 0 0 1 
1 0 0 0 1 0 0 0 1 
26287347 26592079 10.764 13.88888888888889 3 3 351 352 
1 0 0 0 1 0 0 0 1 
1 0 0 0 1 0 0 0 1 
26287347 4776936200 80.861 13.88888888888889 3 3 353 354 
1 0 0 0 1 0 0 0 1 
1 0 0 0 1 0 0 0 1 
5034020816 5034020815 10.563 13.88888888888889 3 3 355 356 
1 0 0 0 1 0 0 0 1 
1 0 0 0 1 0 0 0 1 
5034020816 5329697444 188.765 13.88888888888889 3 3 357 358 
1 0 0 0 1 0 0 0 1 
1 0 0 0 1 0 0 0 1 
5034020816 5034020818 134.196 13.88888888888889 3 3 359 360 
1 0 0 0 1 0 0 0 1 
1 0 0 0 1 0 0 0 1 
4776936196 34711892 123.687 13.88888888888889 3 3 361 362 
1 0 0 0 1 0 0 0 1 
1 0 0 0 1 0 0 0 1 
4776936196 4776936197 86.684 8.333333333333334 3 3 363 364 
1 0 0 0 1 0 0 0 1 
1 0 0 0 1 0 0 0 1 
26592079 136469026 173.881 13.88888888888889 3 3 365 366 
1 0 0 0 1 0 0 0 1 
1 0 0 0 1 0 0 0 1 
26592079 26607211 182.03799999999998 13.88888888888889 3 3 367 368 
1 0 0 0 1 0 0 0 1 
1 0 0 0 1 0 0 0 1 
26592079 5034020815 12.69 13.88888888888889 3 3 369 370 
1 0 0 0 1 0 0 0 1 
1 0 0 0 1 0 0 0 1 
4776936200 4776936197 172.61399999999998 8.333333333333334 3 3 371 372 
1 0 0 0 1 0 0 0 1 
1 0 0 0 1 0 0 0 1 
5034020815 26592121 179.24 13.88888888888889 3 3 373 374 
1 0 0 0 1 0 0 0 1 
1 0 0 0 1 0 0 0 1 
5034020815 5034020825 181.379 13.88888888888889 3 3 375 376 
1 0 0 0 1 0 0 0 1 
1 0 0 0 1 0 0 0 1 
5329697444 35835335 94.865 13.88888888888889 3 3 377 378 
1 0 0 0 1 0 0 0 1 
1 0 0 0 1 0 0 0 1 
5329697444 26592121 17.601 11.11111111111111 3 3 379 380 
1 0 0 0 1 0 0 0 1 
1 0 0 0 1 0 0 0 1 
5329697444 4776936173 78.256 11.11111111111111 3 3 381 382 
1 0 0 0 1 0 0 0 1 
1 0 0 0 1 0 0 0 1 
5329697444 5568852439 14.655 13.88888888888889 3 3 383 384 
1 0 0 0 1 0 0 0 1 
1 0 0 0 1 0 0 0 1 
5034020818 5034020819 255.353 13.88888888888889 3 3 385 386 
1 0 0 0 1 0 0 0 1 
1 0 0 0 1 0 0 0 1 
5034020818 303474834 184.663 11.11111111111111 3 3 387 388 
1 0 0 0 1 0 0 0 1 
1 0 0 0 1 0 0 0 1 
34711892 29559119 94.962 13.88888888888889 3 3 389 390 
1 0 0 0 1 0 0 0 1 
1 0 0 0 1 0 0 0 1 
34711892 4776936206 58.785 9.722222222222221 3 3 391 392 
1 0 0 0 1 0 0 0 1 
1 0 0 0 1 0 0 0 1 
4776936197 4776936206 130.948 8.333333333333334 3 3 393 394 
1 0 0 0 1 0 0 0 1 
1 0 0 0 1 0 0 0 1 
4776936197 4776936199 90.136 8.333333333333334 3 3 395 396 
1 0 0 0 1 0 0 0 1 
1 0 0 0 1 0 0 0 1 
26607211 26882430 102.843 13.88888888888889 3 3 397 398 
1 0 0 0 1 0 0 0 1 
1 0 0 0 1 0 0 0 1 
26607211 5034020825 12.976 11.11111111111111 3 3 399 400 
1 0 0 0 1 0 0 0 1 
1 0 0 0 1 0 0 0 1 
26607211 243681990 198.076 11.11111111111111 3 3 401 402 
1 0 0 0 1 0 0 0 1 
1 0 0 0 1 0 0 0 1 
26287349 5289133043 15.151 13.88888888888889 3 3 403 404 
1 0 0 0 1 0 0 0 1 
1 0 0 0 1 0 0 0 1 
26287349 27448282 135.29199999999997 13.88888888888889 3 3 405 406 
1 0 0 0 1 0 0 0 1 
1 0 0 0 1 0 0 0 1 
26287349 3439411274 166.13899999999998 13.88888888888889 3 3 407 408 
1 0 0 0 1 0 0 0 1 
1 0 0 0 1 0 0 0 1 
26287349 5034020808 12.888 13.88888888888889 3 3 409 410 
1 0 0 0 1 0 0 0 1 
1 0 0 0 1 0 0 0 1 
5289133043 5034020808 14.277 13.88888888888889 3 3 411 412 
1 0 0 0 1 0 0 0 1 
1 0 0 0 1 0 0 0 1 
5289133043 5034020809 127.262 13.88888888888889 3 3 413 414 
1 0 0 0 1 0 0 0 1 
1 0 0 0 1 0 0 0 1 
5289133043 5289133044 87.47 13.88888888888889 3 3 415 416 
1 0 0 0 1 0 0 0 1 
1 0 0 0 1 0 0 0 1 
27448282 26592037 128.038 13.88888888888889 3 3 417 418 
1 0 0 0 1 0 0 0 1 
1 0 0 0 1 0 0 0 1 
27448282 6453609447 123.953 9.722222222222221 3 3 419 420 
1 0 0 0 1 0 0 0 1 
1 0 0 0 1 0 0 0 1 
3439411274 27446969 169.46900000000002 13.88888888888889 3 3 421 422 
1 0 0 0 1 0 0 0 1 
1 0 0 0 1 0 0 0 1 
3439411274 3439411269 13.68 9.722222222222221 3 3 423 424 
1 0 0 0 1 0 0 0 1 
1 0 0 0 1 0 0 0 1 
5034020808 3439411269 169.668 13.88888888888889 3 3 425 426 
1 0 0 0 1 0 0 0 1 
1 0 0 0 1 0 0 0 1 
5034020809 36154971 86.69 9.722222222222221 3 3 427 428 
1 0 0 0 1 0 0 0 1 
1 0 0 0 1 0 0 0 1 
5034020809 5034020810 126.645 13.88888888888889 3 3 429 430 
1 0 0 0 1 0 0 0 1 
1 0 0 0 1 0 0 0 1 
5289133044 36154971 129.369 9.722222222222221 3 3 431 432 
1 0 0 0 1 0 0 0 1 
1 0 0 0 1 0 0 0 1 
26592037 3928504151 136.528 13.88888888888889 3 3 433 434 
1 0 0 0 1 0 0 0 1 
1 0 0 0 1 0 0 0 1 
26592037 6453609459 60.372 11.11111111111111 3 3 435 436 
1 0 0 0 1 0 0 0 1 
1 0 0 0 1 0 0 0 1 
27446969 4017682365 757.054 9.722222222222221 3 3 437 438 
1 0 0 0 1 0 0 0 1 
1 0 0 0 1 0 0 0 1 
27446969 3439411272 9.829 9.722222222222221 3 3 439 440 
1 0 0 0 1 0 0 0 1 
1 0 0 0 1 0 0 0 1 
3439411269 3439411272 159.49599999999998 13.88888888888889 3 3 441 442 
1 0 0 0 1 0 0 0 1 
1 0 0 0 1 0 0 0 1 
3439411269 330179553 11.761 9.722222222222221 3 3 443 444 
1 0 0 0 1 0 0 0 1 
1 0 0 0 1 0 0 0 1 
26304805 330039844 196.434 13.88888888888889 3 3 445 446 
1 0 0 0 1 0 0 0 1 
1 0 0 0 1 0 0 0 1 
26304805 3357266206 47.645 13.88888888888889 3 3 447 448 
1 0 0 0 1 0 0 0 1 
1 0 0 0 1 0 0 0 1 
330039844 26684958 469.36299999999994 8.333333333333334 3 3 449 450 
1 0 0 0 1 0 0 0 1 
1 0 0 0 1 0 0 0 1 
3357266206 26592203 131.584 13.88888888888889 3 3 451 452 
1 0 0 0 1 0 0 0 1 
1 0 0 0 1 0 0 0 1 
26684958 31564847 164.582 9.722222222222221 3 3 453 454 
1 0 0 0 1 0 0 0 1 
1 0 0 0 1 0 0 0 1 
26480117 5034020831 8.337 13.88888888888889 3 3 455 456 
1 0 0 0 1 0 0 0 1 
1 0 0 0 1 0 0 0 1 
26480117 28583756 115.99 16.666666666666668 3 3 457 458 
1 0 0 0 1 0 0 0 1 
1 0 0 0 1 0 0 0 1 
26480117 26482520 134.56 13.88888888888889 3 3 459 460 
1 0 0 0 1 0 0 0 1 
1 0 0 0 1 0 0 0 1 
26480117 5290737078 8.06 16.666666666666668 3 3 461 462 
1 0 0 0 1 0 0 0 1 
1 0 0 0 1 0 0 0 1 
5034020831 26882436 133.749 13.88888888888889 3 3 463 464 
1 0 0 0 1 0 0 0 1 
1 0 0 0 1 0 0 0 1 
5034020831 5034020830 118.633 16.666666666666668 3 3 465 466 
1 0 0 0 1 0 0 0 1 
1 0 0 0 1 0 0 0 1 
5034020831 5292919123 8.093 16.666666666666668 3 3 467 468 
1 0 0 0 1 0 0 0 1 
1 0 0 0 1 0 0 0 1 
28583756 28583744 138.68200000000002 9.722222222222221 3 3 469 470 
1 0 0 0 1 0 0 0 1 
1 0 0 0 1 0 0 0 1 
28583756 5034020827 89.024 16.666666666666668 3 3 471 472 
1 0 0 0 1 0 0 0 1 
1 0 0 0 1 0 0 0 1 
28583756 5034020830 10.728 9.722222222222221 3 3 473 474 
1 0 0 0 1 0 0 0 1 
1 0 0 0 1 0 0 0 1 
26482520 28583744 124.323 11.11111111111111 3 3 475 476 
1 0 0 0 1 0 0 0 1 
1 0 0 0 1 0 0 0 1 
26482520 26592198 191.166 11.11111111111111 3 3 477 478 
1 0 0 0 1 0 0 0 1 
1 0 0 0 1 0 0 0 1 
5290737078 36154970 186.095 16.666666666666668 3 3 479 480 
1 0 0 0 1 0 0 0 1 
1 0 0 0 1 0 0 0 1 
5290737078 5292919123 8.73 13.88888888888889 3 3 481 482 
1 0 0 0 1 0 0 0 1 
1 0 0 0 1 0 0 0 1 
26882436 3394764062 74.911 13.88888888888889 3 3 483 484 
1 0 0 0 1 0 0 0 1 
1 0 0 0 1 0 0 0 1 
26882436 5292919122 9.861 9.722222222222221 3 3 485 486 
1 0 0 0 1 0 0 0 1 
1 0 0 0 1 0 0 0 1 
26882436 3439425372 111.321 9.722222222222221 3 3 487 488 
1 0 0 0 1 0 0 0 1 
1 0 0 0 1 0 0 0 1 
5034020830 5034020826 86.82400000000001 16.666666666666668 3 3 489 490 
1 0 0 0 1 0 0 0 1 
1 0 0 0 1 0 0 0 1 
5034020830 3439425372 128.472 9.722222222222221 3 3 491 492 
1 0 0 0 1 0 0 0 1 
1 0 0 0 1 0 0 0 1 
5292919123 5292919122 133.914 13.88888888888889 3 3 493 494 
1 0 0 0 1 0 0 0 1 
1 0 0 0 1 0 0 0 1 
5292919123 5034020832 185.213 16.666666666666668 3 3 495 496 
1 0 0 0 1 0 0 0 1 
1 0 0 0 1 0 0 0 1 
28583744 36154971 128.132 9.722222222222221 3 3 497 498 
1 0 0 0 1 0 0 0 1 
1 0 0 0 1 0 0 0 1 
28583744 5034020810 85.21900000000001 11.11111111111111 3 3 499 500 
1 0 0 0 1 0 0 0 1 
1 0 0 0 1 0 0 0 1 
5034020827 5034020826 9.666 13.88888888888889 3 3 501 502 
1 0 0 0 1 0 0 0 1 
1 0 0 0 1 0 0 0 1 
5034020827 3928504151 9.826 16.666666666666668 3 3 503 504 
1 0 0 0 1 0 0 0 1 
1 0 0 0 1 0 0 0 1 
5034020827 5034020810 138.479 13.88888888888889 3 3 505 506 
1 0 0 0 1 0 0 0 1 
1 0 0 0 1 0 0 0 1 
26592198 26592197 182.407 11.11111111111111 3 3 507 508 
1 0 0 0 1 0 0 0 1 
1 0 0 0 1 0 0 0 1 
26592198 28583713 125.407 9.722222222222221 3 3 509 510 
1 0 0 0 1 0 0 0 1 
1 0 0 0 1 0 0 0 1 
26592198 36154970 145.942 9.722222222222221 3 3 511 512 
1 0 0 0 1 0 0 0 1 
1 0 0 0 1 0 0 0 1 
36154970 26592055 191.738 16.666666666666668 3 3 513 514 
1 0 0 0 1 0 0 0 1 
1 0 0 0 1 0 0 0 1 
36154970 5034020832 8.099 9.722222222222221 3 3 515 516 
1 0 0 0 1 0 0 0 1 
1 0 0 0 1 0 0 0 1 
36154971 60168015 108.543 9.722222222222221 3 3 517 518 
1 0 0 0 1 0 0 0 1 
1 0 0 0 1 0 0 0 1 
26592197 26592055 135.594 9.722222222222221 3 3 519 520 
1 0 0 0 1 0 0 0 1 
1 0 0 0 1 0 0 0 1 
26592197 5289133048 253.943 9.722222222222221 3 3 521 522 
1 0 0 0 1 0 0 0 1 
1 0 0 0 1 0 0 0 1 
26514771 5034020826 12.194 16.666666666666668 3 3 523 524 
1 0 0 0 1 0 0 0 1 
1 0 0 0 1 0 0 0 1 
26514771 26882430 192.676 13.88888888888889 3 3 525 526 
1 0 0 0 1 0 0 0 1 
1 0 0 0 1 0 0 0 1 
26514771 243682006 203.93699999999998 16.666666666666668 3 3 527 528 
1 0 0 0 1 0 0 0 1 
1 0 0 0 1 0 0 0 1 
26514771 3928504151 12.792 13.88888888888889 3 3 529 530 
1 0 0 0 1 0 0 0 1 
1 0 0 0 1 0 0 0 1 
5034020826 5034020811 131.311 13.88888888888889 3 3 531 532 
1 0 0 0 1 0 0 0 1 
1 0 0 0 1 0 0 0 1 
26882430 243682001 192.811 11.11111111111111 3 3 533 534 
1 0 0 0 1 0 0 0 1 
1 0 0 0 1 0 0 0 1 
26882430 5034020812 11.862 11.11111111111111 3 3 535 536 
1 0 0 0 1 0 0 0 1 
1 0 0 0 1 0 0 0 1 
243682006 243682001 148.234 11.11111111111111 3 3 537 538 
1 0 0 0 1 0 0 0 1 
1 0 0 0 1 0 0 0 1 
243682006 5297175897 202.272 16.666666666666668 3 3 539 540 
1 0 0 0 1 0 0 0 1 
1 0 0 0 1 0 0 0 1 
3928504151 28897755 435.78000000000003 16.666666666666668 3 3 541 542 
1 0 0 0 1 0 0 0 1 
1 0 0 0 1 0 0 0 1 
5034020811 5034020812 62.636 13.88888888888889 3 3 543 544 
1 0 0 0 1 0 0 0 1 
1 0 0 0 1 0 0 0 1 
5034020811 3439425372 89.506 9.722222222222221 3 3 545 546 
1 0 0 0 1 0 0 0 1 
1 0 0 0 1 0 0 0 1 
243682001 243681990 89.057 11.11111111111111 3 3 547 548 
1 0 0 0 1 0 0 0 1 
1 0 0 0 1 0 0 0 1 
243682001 5297175897 138.012 11.11111111111111 3 3 549 550 
1 0 0 0 1 0 0 0 1 
1 0 0 0 1 0 0 0 1 
5034020812 5034020825 105.17 13.88888888888889 3 3 551 552 
1 0 0 0 1 0 0 0 1 
1 0 0 0 1 0 0 0 1 
5034020812 4910855745 86.265 11.11111111111111 3 3 553 554 
1 0 0 0 1 0 0 0 1 
1 0 0 0 1 0 0 0 1 
5297175897 28897755 12.449 11.11111111111111 3 3 555 556 
1 0 0 0 1 0 0 0 1 
1 0 0 0 1 0 0 0 1 
5297175897 5297175899 85.839 16.666666666666668 3 3 557 558 
1 0 0 0 1 0 0 0 1 
1 0 0 0 1 0 0 0 1 
26592055 5034020833 8.384 9.722222222222221 3 3 559 560 
1 0 0 0 1 0 0 0 1 
1 0 0 0 1 0 0 0 1 
26592055 5046598079 52.801 16.666666666666668 3 3 561 562 
1 0 0 0 1 0 0 0 1 
1 0 0 0 1 0 0 0 1 
5034020833 4475232898 342.861 9.722222222222221 3 3 563 564 
1 0 0 0 1 0 0 0 1 
1 0 0 0 1 0 0 0 1 
5034020833 5034020832 192.021 16.666666666666668 3 3 565 566 
1 0 0 0 1 0 0 0 1 
1 0 0 0 1 0 0 0 1 
5034020833 7314757893 53.081 16.666666666666668 3 3 567 568 
1 0 0 0 1 0 0 0 1 
1 0 0 0 1 0 0 0 1 
5046598079 3388725402 80.702 16.666666666666668 3 3 569 570 
1 0 0 0 1 0 0 0 1 
1 0 0 0 1 0 0 0 1 
5046598079 5046598076 379.975 9.722222222222221 3 3 571 572 
1 0 0 0 1 0 0 0 1 
1 0 0 0 1 0 0 0 1 
5046598079 7314757893 8.357 9.722222222222221 3 3 573 574 
1 0 0 0 1 0 0 0 1 
1 0 0 0 1 0 0 0 1 
5034020832 52574369 132.565 9.722222222222221 3 3 575 576 
1 0 0 0 1 0 0 0 1 
1 0 0 0 1 0 0 0 1 
5289133048 5502556885 153.71699999999998 13.88888888888889 3 3 577 578 
1 0 0 0 1 0 0 0 1 
1 0 0 0 1 0 0 0 1 
4475232898 5292919128 9.156 9.722222222222221 3 3 579 580 
1 0 0 0 1 0 0 0 1 
1 0 0 0 1 0 0 0 1 
4475232898 5200235386 183.938 11.11111111111111 3 3 581 582 
1 0 0 0 1 0 0 0 1 
1 0 0 0 1 0 0 0 1 
4475232898 5045917153 64.636 11.11111111111111 3 3 583 584 
1 0 0 0 1 0 0 0 1 
1 0 0 0 1 0 0 0 1 
7314757893 5034020834 81.754 16.666666666666668 3 3 585 586 
1 0 0 0 1 0 0 0 1 
1 0 0 0 1 0 0 0 1 
7314757893 5045917153 374.481 9.722222222222221 3 3 587 588 
1 0 0 0 1 0 0 0 1 
1 0 0 0 1 0 0 0 1 
3388725402 5502556885 379.437 16.666666666666668 3 3 589 590 
1 0 0 0 1 0 0 0 1 
1 0 0 0 1 0 0 0 1 
3388725402 5034020834 12.026 16.666666666666668 3 3 591 592 
1 0 0 0 1 0 0 0 1 
1 0 0 0 1 0 0 0 1 
3388725402 3388727485 23.794 16.666666666666668 3 3 593 594 
1 0 0 0 1 0 0 0 1 
1 0 0 0 1 0 0 0 1 
26592063 26592106 10.922 16.666666666666668 3 3 595 596 
1 0 0 0 1 0 0 0 1 
1 0 0 0 1 0 0 0 1 
26592063 26592145 148.207 13.88888888888889 3 3 597 598 
1 0 0 0 1 0 0 0 1 
1 0 0 0 1 0 0 0 1 
26592063 3388726382 26.166 13.88888888888889 3 3 599 600 
1 0 0 0 1 0 0 0 1 
1 0 0 0 1 0 0 0 1 
26592063 5288969421 114.566 16.666666666666668 3 3 601 602 
1 0 0 0 1 0 0 0 1 
1 0 0 0 1 0 0 0 1 
26592106 3388726383 25.379 13.88888888888889 3 3 603 604 
1 0 0 0 1 0 0 0 1 
1 0 0 0 1 0 0 0 1 
26592106 3388726380 338.578 16.666666666666668 3 3 605 606 
1 0 0 0 1 0 0 0 1 
1 0 0 0 1 0 0 0 1 
26592106 35835335 449.68399999999997 13.88888888888889 3 3 607 608 
1 0 0 0 1 0 0 0 1 
1 0 0 0 1 0 0 0 1 
26592145 35835334 298.774 13.88888888888889 3 3 609 610 
1 0 0 0 1 0 0 0 1 
1 0 0 0 1 0 0 0 1 
26592145 5292919128 161.546 9.722222222222221 3 3 611 612 
1 0 0 0 1 0 0 0 1 
1 0 0 0 1 0 0 0 1 
3388726382 5288969420 115.593 16.666666666666668 3 3 613 614 
1 0 0 0 1 0 0 0 1 
1 0 0 0 1 0 0 0 1 
3388726382 3388726383 11.523 16.666666666666668 3 3 615 616 
1 0 0 0 1 0 0 0 1 
1 0 0 0 1 0 0 0 1 
3388726382 3614344353 31.206 13.88888888888889 3 3 617 618 
1 0 0 0 1 0 0 0 1 
1 0 0 0 1 0 0 0 1 
5288969421 5045917154 13.214 16.666666666666668 3 3 619 620 
1 0 0 0 1 0 0 0 1 
1 0 0 0 1 0 0 0 1 
5288969421 5288969420 19.322 13.88888888888889 3 3 621 622 
1 0 0 0 1 0 0 0 1 
1 0 0 0 1 0 0 0 1 
5288969421 5292919128 159.36999999999998 11.11111111111111 3 3 623 624 
1 0 0 0 1 0 0 0 1 
1 0 0 0 1 0 0 0 1 
3388726383 31564868 32.007 13.88888888888889 3 3 625 626 
1 0 0 0 1 0 0 0 1 
1 0 0 0 1 0 0 0 1 
3388726383 263646218 336.42499999999995 16.666666666666668 3 3 627 628 
1 0 0 0 1 0 0 0 1 
1 0 0 0 1 0 0 0 1 
3388726380 29559121 305.804 9.722222222222221 3 3 629 630 
1 0 0 0 1 0 0 0 1 
1 0 0 0 1 0 0 0 1 
3388726380 263646218 19.932 9.722222222222221 3 3 631 632 
1 0 0 0 1 0 0 0 1 
1 0 0 0 1 0 0 0 1 
3388726380 3388726381 279.251 16.666666666666668 3 3 633 634 
1 0 0 0 1 0 0 0 1 
1 0 0 0 1 0 0 0 1 
35835335 3357266262 436.693 16.666666666666668 3 3 635 636 
1 0 0 0 1 0 0 0 1 
1 0 0 0 1 0 0 0 1 
35835334 5568852439 93.818 13.88888888888889 3 3 637 638 
1 0 0 0 1 0 0 0 1 
1 0 0 0 1 0 0 0 1 
35835334 35835287 440.65500000000003 16.666666666666668 3 3 639 640 
1 0 0 0 1 0 0 0 1 
1 0 0 0 1 0 0 0 1 
5292919128 5292919126 391.59999999999997 11.11111111111111 3 3 641 642 
1 0 0 0 1 0 0 0 1 
1 0 0 0 1 0 0 0 1 
5288969420 3388727486 12.974 16.666666666666668 3 3 643 644 
1 0 0 0 1 0 0 0 1 
1 0 0 0 1 0 0 0 1 
5288969420 5288969402 27.805 13.88888888888889 3 3 645 646 
1 0 0 0 1 0 0 0 1 
1 0 0 0 1 0 0 0 1 
3614344353 31564868 12.651 9.722222222222221 3 3 647 648 
1 0 0 0 1 0 0 0 1 
1 0 0 0 1 0 0 0 1 
3614344353 35835355 176.319 13.88888888888889 3 3 649 650 
1 0 0 0 1 0 0 0 1 
1 0 0 0 1 0 0 0 1 
3614344353 5288969402 117.962 9.722222222222221 3 3 651 652 
1 0 0 0 1 0 0 0 1 
1 0 0 0 1 0 0 0 1 
5045917154 3388727486 19.703 13.88888888888889 3 3 653 654 
1 0 0 0 1 0 0 0 1 
1 0 0 0 1 0 0 0 1 
5045917154 5034020834 399.45700000000005 16.666666666666668 3 3 655 656 
1 0 0 0 1 0 0 0 1 
1 0 0 0 1 0 0 0 1 
5045917154 5045917153 93.15 11.11111111111111 3 3 657 658 
1 0 0 0 1 0 0 0 1 
1 0 0 0 1 0 0 0 1 
5034020825 26882437 81.866 11.11111111111111 3 3 659 660 
1 0 0 0 1 0 0 0 1 
1 0 0 0 1 0 0 0 1 
243681990 5297175899 147.813 11.11111111111111 3 3 661 662 
1 0 0 0 1 0 0 0 1 
1 0 0 0 1 0 0 0 1 
26592121 5498653435 156.524 13.88888888888889 3 3 663 664 
1 0 0 0 1 0 0 0 1 
1 0 0 0 1 0 0 0 1 
26592121 5568852439 13.486 13.88888888888889 3 3 665 666 
1 0 0 0 1 0 0 0 1 
1 0 0 0 1 0 0 0 1 
31564868 52572010 282.92 9.722222222222221 3 3 667 668 
1 0 0 0 1 0 0 0 1 
1 0 0 0 1 0 0 0 1 
31564868 35835586 175.946 13.88888888888889 3 3 669 670 
1 0 0 0 1 0 0 0 1 
1 0 0 0 1 0 0 0 1 
263646218 3388726387 278.789 16.666666666666668 3 3 671 672 
1 0 0 0 1 0 0 0 1 
1 0 0 0 1 0 0 0 1 
29559121 4776936179 130.65 9.722222222222221 3 3 673 674 
1 0 0 0 1 0 0 0 1 
1 0 0 0 1 0 0 0 1 
29559121 29559125 242.43800000000002 8.333333333333334 3 3 675 676 
1 0 0 0 1 0 0 0 1 
1 0 0 0 1 0 0 0 1 
29559121 4776936170 289.97299999999996 8.333333333333334 3 3 677 678 
1 0 0 0 1 0 0 0 1 
1 0 0 0 1 0 0 0 1 
3388726381 31564859 17.336 11.11111111111111 3 3 679 680 
1 0 0 0 1 0 0 0 1 
1 0 0 0 1 0 0 0 1 
3388726381 4089096054 17.539 16.666666666666668 3 3 681 682 
1 0 0 0 1 0 0 0 1 
1 0 0 0 1 0 0 0 1 
3388726381 3388726387 17.491 11.11111111111111 3 3 683 684 
1 0 0 0 1 0 0 0 1 
1 0 0 0 1 0 0 0 1 
3357266262 35835287 60.905 16.666666666666668 3 3 685 686 
1 0 0 0 1 0 0 0 1 
1 0 0 0 1 0 0 0 1 
3357266262 35835273 15.221 16.666666666666668 3 3 687 688 
1 0 0 0 1 0 0 0 1 
1 0 0 0 1 0 0 0 1 
5498653435 26607215 13.569 13.88888888888889 3 3 689 690 
1 0 0 0 1 0 0 0 1 
1 0 0 0 1 0 0 0 1 
5498653435 26882437 108.99199999999999 11.11111111111111 3 3 691 692 
1 0 0 0 1 0 0 0 1 
1 0 0 0 1 0 0 0 1 
5498653435 5292919126 12.536 13.88888888888889 3 3 693 694 
1 0 0 0 1 0 0 0 1 
1 0 0 0 1 0 0 0 1 
5568852439 5292919126 155.99699999999999 13.88888888888889 3 3 695 696 
1 0 0 0 1 0 0 0 1 
1 0 0 0 1 0 0 0 1 
4776936173 303474834 58.235 11.11111111111111 3 3 697 698 
1 0 0 0 1 0 0 0 1 
1 0 0 0 1 0 0 0 1 
4776936173 4776936174 95.241 8.333333333333334 3 3 699 700 
1 0 0 0 1 0 0 0 1 
1 0 0 0 1 0 0 0 1 
26607215 3394764062 105.245 13.88888888888889 3 3 701 702 
1 0 0 0 1 0 0 0 1 
1 0 0 0 1 0 0 0 1 
26607215 5292917320 11.979 11.11111111111111 3 3 703 704 
1 0 0 0 1 0 0 0 1 
1 0 0 0 1 0 0 0 1 
26882437 4910855745 106.796 9.722222222222221 3 3 705 706 
1 0 0 0 1 0 0 0 1 
1 0 0 0 1 0 0 0 1 
5292919126 5292917320 13.924 13.88888888888889 3 3 707 708 
1 0 0 0 1 0 0 0 1 
1 0 0 0 1 0 0 0 1 
35835287 35835267 360.548 16.666666666666668 3 3 709 710 
1 0 0 0 1 0 0 0 1 
1 0 0 0 1 0 0 0 1 
35835287 35835282 78.76 16.666666666666668 3 3 711 712 
1 0 0 0 1 0 0 0 1 
1 0 0 0 1 0 0 0 1 
5502556885 35835267 534.717 16.666666666666668 3 3 713 714 
1 0 0 0 1 0 0 0 1 
1 0 0 0 1 0 0 0 1 
5502556885 330039862 14.526 16.666666666666668 3 3 715 716 
1 0 0 0 1 0 0 0 1 
1 0 0 0 1 0 0 0 1 
52571734 52571696 123.531 9.722222222222221 3 3 717 718 
1 0 0 0 1 0 0 0 1 
1 0 0 0 1 0 0 0 1 
52571734 52571748 31.912 9.722222222222221 3 3 719 720 
1 0 0 0 1 0 0 0 1 
1 0 0 0 1 0 0 0 1 
52571314 35835586 73.401 13.88888888888889 3 3 721 722 
1 0 0 0 1 0 0 0 1 
1 0 0 0 1 0 0 0 1 
52571314 52571612 95.952 9.722222222222221 3 3 723 724 
1 0 0 0 1 0 0 0 1 
1 0 0 0 1 0 0 0 1 
52571696 52571612 145.711 9.722222222222221 3 3 725 726 
1 0 0 0 1 0 0 0 1 
1 0 0 0 1 0 0 0 1 
330039862 4815884927 28.595 13.88888888888889 3 3 727 728 
1 0 0 0 1 0 0 0 1 
1 0 0 0 1 0 0 0 1 
3394764062 4910855745 110.41400000000002 11.11111111111111 3 3 729 730 
1 0 0 0 1 0 0 0 1 
1 0 0 0 1 0 0 0 1 
5292917320 5200235386 207.556 11.11111111111111 3 3 731 732 
1 0 0 0 1 0 0 0 1 
1 0 0 0 1 0 0 0 1 
5292917320 5292919122 180.641 13.88888888888889 3 3 733 734 
1 0 0 0 1 0 0 0 1 
1 0 0 0 1 0 0 0 1 
4910855745 3439425372 69.797 9.722222222222221 3 3 735 736 
1 0 0 0 1 0 0 0 1 
1 0 0 0 1 0 0 0 1 
5200235386 52574369 198.69799999999998 9.722222222222221 3 3 737 738 
1 0 0 0 1 0 0 0 1 
1 0 0 0 1 0 0 0 1 
5292919122 52574369 179.47199999999998 9.722222222222221 3 3 739 740 
1 0 0 0 1 0 0 0 1 
1 0 0 0 1 0 0 0 1 
36518380 27446994 87.838 9.722222222222221 3 3 741 742 
1 0 0 0 1 0 0 0 1 
1 0 0 0 1 0 0 0 1 
330179559 330179553 108.19300000000001 9.722222222222221 3 3 743 744 
1 0 0 0 1 0 0 0 1 
1 0 0 0 1 0 0 0 1 
52571748 52571820 112.042 9.722222222222221 3 3 745 746 
1 0 0 0 1 0 0 0 1 
1 0 0 0 1 0 0 0 1 
52571748 52571931 203.693 9.722222222222221 3 3 747 748 
1 0 0 0 1 0 0 0 1 
1 0 0 0 1 0 0 0 1 
31564847 3396376718 388.45400000000006 9.722222222222221 3 3 749 750 
1 0 0 0 1 0 0 0 1 
1 0 0 0 1 0 0 0 1 
31564847 52571967 130.02100000000002 11.11111111111111 3 3 751 752 
1 0 0 0 1 0 0 0 1 
1 0 0 0 1 0 0 0 1 
3396376718 3388726387 18.873 16.666666666666668 3 3 753 754 
1 0 0 0 1 0 0 0 1 
1 0 0 0 1 0 0 0 1 
3396376718 4089096054 18.108 11.11111111111111 3 3 755 756 
1 0 0 0 1 0 0 0 1 
1 0 0 0 1 0 0 0 1 
52571967 52571931 195.574 9.722222222222221 3 3 757 758 
1 0 0 0 1 0 0 0 1 
1 0 0 0 1 0 0 0 1 
52571967 52571952 67.571 11.11111111111111 3 3 759 760 
1 0 0 0 1 0 0 0 1 
1 0 0 0 1 0 0 0 1 
28583708 27446995 122.94 9.722222222222221 3 3 761 762 
1 0 0 0 1 0 0 0 1 
1 0 0 0 1 0 0 0 1 
27446995 3439411272 98.02000000000001 9.722222222222221 3 3 763 764 
1 0 0 0 1 0 0 0 1 
1 0 0 0 1 0 0 0 1 
27446995 27446994 162.08100000000002 9.722222222222221 3 3 765 766 
1 0 0 0 1 0 0 0 1 
1 0 0 0 1 0 0 0 1 
3388727485 4813552523 113.211 16.666666666666668 3 3 767 768 
1 0 0 0 1 0 0 0 1 
1 0 0 0 1 0 0 0 1 
3388727485 5034020835 11.694 16.666666666666668 3 3 769 770 
1 0 0 0 1 0 0 0 1 
1 0 0 0 1 0 0 0 1 
52574330 5288969215 11.589 9.722222222222221 3 3 771 772 
1 0 0 0 1 0 0 0 1 
1 0 0 0 1 0 0 0 1 
52574330 52571580 215.204 13.88888888888889 3 3 773 774 
1 0 0 0 1 0 0 0 1 
1 0 0 0 1 0 0 0 1 
52574330 52574278 140.885 13.88888888888889 3 3 775 776 
1 0 0 0 1 0 0 0 1 
1 0 0 0 1 0 0 0 1 
5034020835 5034020834 22.785 16.666666666666668 3 3 777 778 
1 0 0 0 1 0 0 0 1 
1 0 0 0 1 0 0 0 1 
5034020835 3931988750 110.146 16.666666666666668 3 3 779 780 
1 0 0 0 1 0 0 0 1 
1 0 0 0 1 0 0 0 1 
27446994 330179553 88.729 9.722222222222221 3 3 781 782 
1 0 0 0 1 0 0 0 1 
1 0 0 0 1 0 0 0 1 
29559119 5034020819 7.986 9.722222222222221 3 3 783 784 
1 0 0 0 1 0 0 0 1 
1 0 0 0 1 0 0 0 1 
5034020819 29559122 184.165 9.722222222222221 3 3 785 786 
1 0 0 0 1 0 0 0 1 
1 0 0 0 1 0 0 0 1 
4776936206 34711879 119.903 9.722222222222221 3 3 787 788 
1 0 0 0 1 0 0 0 1 
1 0 0 0 1 0 0 0 1 
29559122 4776936179 111.802 9.722222222222221 3 3 789 790 
1 0 0 0 1 0 0 0 1 
1 0 0 0 1 0 0 0 1 
29559122 29559123 211.779 11.11111111111111 3 3 791 792 
1 0 0 0 1 0 0 0 1 
1 0 0 0 1 0 0 0 1 
29559122 303474834 235.458 11.11111111111111 3 3 793 794 
1 0 0 0 1 0 0 0 1 
1 0 0 0 1 0 0 0 1 
4776936179 4776936174 286.39300000000003 8.333333333333334 3 3 795 796 
1 0 0 0 1 0 0 0 1 
1 0 0 0 1 0 0 0 1 
4776936179 4776936185 231.63400000000001 8.333333333333334 3 3 797 798 
1 0 0 0 1 0 0 0 1 
1 0 0 0 1 0 0 0 1 
29559125 31564859 303.691 11.11111111111111 3 3 799 800 
1 0 0 0 1 0 0 0 1 
1 0 0 0 1 0 0 0 1 
29559125 4776936185 99.443 11.11111111111111 3 3 801 802 
1 0 0 0 1 0 0 0 1 
1 0 0 0 1 0 0 0 1 
4776936170 267699992 55.35 8.333333333333334 3 3 803 804 
1 0 0 0 1 0 0 0 1 
1 0 0 0 1 0 0 0 1 
4776936170 4776936174 221.80200000000002 8.333333333333334 3 3 805 806 
1 0 0 0 1 0 0 0 1 
1 0 0 0 1 0 0 0 1 
4776936185 29559123 130.208 11.11111111111111 3 3 807 808 
1 0 0 0 1 0 0 0 1 
1 0 0 0 1 0 0 0 1 
31564859 4089096054 22.206000000000003 11.11111111111111 3 3 809 810 
1 0 0 0 1 0 0 0 1 
1 0 0 0 1 0 0 0 1 
5051334846 4776936199 150.733 11.11111111111111 3 3 811 812 
1 0 0 0 1 0 0 0 1 
1 0 0 0 1 0 0 0 1 
5051334846 5051334849 81.0 8.333333333333334 3 3 813 814 
1 0 0 0 1 0 0 0 1 
1 0 0 0 1 0 0 0 1 
4776936199 34711879 106.218 11.11111111111111 3 3 815 816 
1 0 0 0 1 0 0 0 1 
1 0 0 0 1 0 0 0 1 
3388726387 31564860 34.08 11.11111111111111 3 3 817 818 
1 0 0 0 1 0 0 0 1 
1 0 0 0 1 0 0 0 1 
52571931 52571897 95.636 9.722222222222221 3 3 819 820 
1 0 0 0 1 0 0 0 1 
1 0 0 0 1 0 0 0 1 
52571952 3754133575 90.706 11.11111111111111 3 3 821 822 
1 0 0 0 1 0 0 0 1 
1 0 0 0 1 0 0 0 1 
52571952 52571897 186.717 9.722222222222221 3 3 823 824 
1 0 0 0 1 0 0 0 1 
1 0 0 0 1 0 0 0 1 
31564860 52572010 337.6 9.722222222222221 3 3 825 826 
1 0 0 0 1 0 0 0 1 
1 0 0 0 1 0 0 0 1 
31564860 3754133575 65.128 11.11111111111111 3 3 827 828 
1 0 0 0 1 0 0 0 1 
1 0 0 0 1 0 0 0 1 
52572010 3754129253 93.905 9.722222222222221 3 3 829 830 
1 0 0 0 1 0 0 0 1 
1 0 0 0 1 0 0 0 1 
3754133575 3754129253 341.628 20 3 3 831 832 
1 0 0 0 1 0 0 0 1 
1 0 0 0 1 0 0 0 1 
3754129253 52571858 114.185 9.722222222222221 3 3 833 834 
1 0 0 0 1 0 0 0 1 
1 0 0 0 1 0 0 0 1 
3754129253 5348476548 274.102 20 3 3 835 836 
1 0 0 0 1 0 0 0 1 
1 0 0 0 1 0 0 0 1 
35835586 35835278 173.902 16.666666666666668 3 3 837 838 
1 0 0 0 1 0 0 0 1 
1 0 0 0 1 0 0 0 1 
35835355 35835281 171.95199999999997 16.666666666666668 3 3 839 840 
1 0 0 0 1 0 0 0 1 
1 0 0 0 1 0 0 0 1 
5288969402 5288969215 286.226 13.88888888888889 3 3 841 842 
1 0 0 0 1 0 0 0 1 
1 0 0 0 1 0 0 0 1 
5288969402 52573458 12.271 9.722222222222221 3 3 843 844 
1 0 0 0 1 0 0 0 1 
1 0 0 0 1 0 0 0 1 
35835278 35835277 19.784 16.666666666666668 3 3 845 846 
1 0 0 0 1 0 0 0 1 
1 0 0 0 1 0 0 0 1 
35835278 35835281 48.885 16.666666666666668 3 3 847 848 
1 0 0 0 1 0 0 0 1 
1 0 0 0 1 0 0 0 1 
35835267 35835304 726.085 16.666666666666668 3 3 849 850 
1 0 0 0 1 0 0 0 1 
1 0 0 0 1 0 0 0 1 
35835304 35835273 299.628 16.666666666666668 3 3 851 852 
1 0 0 0 1 0 0 0 1 
1 0 0 0 1 0 0 0 1 
35835304 2282156245 213.813 16.666666666666668 3 3 853 854 
1 0 0 0 1 0 0 0 1 
1 0 0 0 1 0 0 0 1 
35835282 35835269 377.014 16.666666666666668 3 3 855 856 
1 0 0 0 1 0 0 0 1 
1 0 0 0 1 0 0 0 1 
35835282 35835281 7.428 16.666666666666668 3 3 857 858 
1 0 0 0 1 0 0 0 1 
1 0 0 0 1 0 0 0 1 
35835273 35835277 60.870999999999995 16.666666666666668 3 3 859 860 
1 0 0 0 1 0 0 0 1 
1 0 0 0 1 0 0 0 1 
35835269 3388727481 809.3710000000001 16.666666666666668 3 3 861 862 
1 0 0 0 1 0 0 0 1 
1 0 0 0 1 0 0 0 1 
35835269 35835300 723.0090000000001 16.666666666666668 3 3 863 864 
1 0 0 0 1 0 0 0 1 
1 0 0 0 1 0 0 0 1 
3388727481 4815884927 260.364 16.666666666666668 3 3 865 866 
1 0 0 0 1 0 0 0 1 
1 0 0 0 1 0 0 0 1 
35835300 35835277 295.81 16.666666666666668 3 3 867 868 
1 0 0 0 1 0 0 0 1 
1 0 0 0 1 0 0 0 1 
35835300 2282156249 215.33100000000002 16.666666666666668 3 3 869 870 
1 0 0 0 1 0 0 0 1 
1 0 0 0 1 0 0 0 1 
52571612 52571820 145.344 9.722222222222221 3 3 871 872 
1 0 0 0 1 0 0 0 1 
1 0 0 0 1 0 0 0 1 
52571820 52571858 40.213 9.722222222222221 3 3 873 874 
1 0 0 0 1 0 0 0 1 
1 0 0 0 1 0 0 0 1 
52574278 52573458 148.822 13.88888888888889 3 3 875 876 
1 0 0 0 1 0 0 0 1 
1 0 0 0 1 0 0 0 1 
52574278 4840058759 223.63 9.722222222222221 3 3 877 878 
1 0 0 0 1 0 0 0 1 
1 0 0 0 1 0 0 0 1 
52571858 52571897 171.08700000000002 9.722222222222221 3 3 879 880 
1 0 0 0 1 0 0 0 1 
1 0 0 0 1 0 0 0 1 
52573458 3388727486 27.424 13.88888888888889 3 3 881 882 
1 0 0 0 1 0 0 0 1 
1 0 0 0 1 0 0 0 1 
52573458 4815879711 238.12199999999999 9.722222222222221 3 3 883 884 
1 0 0 0 1 0 0 0 1 
1 0 0 0 1 0 0 0 1 
3388727486 3931988750 290.719 16.666666666666668 3 3 885 886 
1 0 0 0 1 0 0 0 1 
1 0 0 0 1 0 0 0 1 
4815879711 3931988750 68.12 9.722222222222221 3 3 887 888 
1 0 0 0 1 0 0 0 1 
1 0 0 0 1 0 0 0 1 
4815879711 4840058759 158.862 9.722222222222221 3 3 889 890 
1 0 0 0 1 0 0 0 1 
1 0 0 0 1 0 0 0 1 
4840058759 4815879717 67.293 9.722222222222221 3 3 891 892 
1 0 0 0 1 0 0 0 1 
1 0 0 0 1 0 0 0 1 
287528745 361031281 286.595 9.722222222222221 3 3 893 894 
1 0 0 0 1 0 0 0 1 
1 0 0 0 1 0 0 0 1 
287528745 287529082 8.172 9.722222222222221 3 3 895 896 
1 0 0 0 1 0 0 0 1 
1 0 0 0 1 0 0 0 1 
247
26041236 1 3 5 -1 
5034020842 2 7 9 11 
27271948 4 13 15 17 
3866674840 6 19 21 23 
5034020841 8 18 25 27 
5034020843 10 24 29 31 
5288969427 12 33 35 37 
26202763 14 39 41 -1 
27271941 16 42 43 45 
27272049 20 47 49 -1 
3386083890 22 51 53 -1 
5034020840 26 46 283 285 
52571580 28 36 106 774 
3386083868 32 134 138 -1 
5288969425 34 62 79 81 
4734564469 40 261 263 265 
3614344357 44 272 281 -1 
27272056 48 52 148 -1 
27272050 50 146 150 -1 
3386083865 54 122 133 -1 
26041240 55 57 59 61 
26592202 56 63 65 67 
330039852 58 69 71 -1 
3866674844 60 73 75 77 
3866674845 64 78 83 85 
52572292 68 93 95 -1 
52571299 70 97 99 101 
5288969214 72 80 103 105 
105176736 74 107 109 -1 
5288969446 76 82 111 113 
26592203 84 186 452 -1 
330039844 88 446 449 -1 
52571734 90 717 719 -1 
26684958 92 450 453 -1 
52571314 94 102 721 723 
52571696 96 718 725 -1 
35835355 98 650 839 -1 
5288969215 100 104 772 842 
26304808 108 180 185 -1 
31564885 110 112 174 -1 
26056842 115 117 119 -1 
3386083864 116 121 123 -1 
26882368 118 125 127 -1 
27272021 120 126 129 131 
3386083885 124 135 137 139 
3386083881 128 141 143 -1 
27272052 130 145 147 -1 
5309515459 132 149 151 -1 
4127577033 136 162 166 175 
3872795220 140 142 178 -1 
3872795223 144 164 177 -1 
4127577032 154 163 165 -1 
105176634 156 167 169 -1 
26056844 158 168 171 -1 
105176476 160 170 173 -1 
26304806 172 179 181 -1 
3357266207 182 187 189 -1 
287528745 184 893 895 -1 
26304805 188 445 447 -1 
3357266206 190 448 451 -1 
26202758 191 193 195 197 
26607278 192 199 201 203 
5289133046 194 205 207 209 
26607138 196 211 213 215 
26882444 198 217 219 221 
330179563 200 223 225 -1 
36154991 202 227 229 231 
5289133045 204 208 233 235 
29559135 206 237 239 241 
5289133047 210 212 243 245 
60168003 214 222 247 -1 
3390572587 216 248 249 251 
26882507 218 253 255 -1 
28583703 220 257 259 -1 
36518380 224 260 741 -1 
330179559 226 230 743 -1 
5034020808 228 410 412 425 
5289133044 232 236 416 431 
60168015 234 242 518 -1 
26482520 238 460 475 477 
28583713 240 246 510 -1 
5289133048 244 250 522 577 
330039862 252 716 727 -1 
28583708 254 258 761 -1 
2688191005 262 267 269 -1 
4813552524 264 271 273 -1 
4815884924 266 275 277 279 
3388727481 268 862 865 -1 
4815884927 270 278 728 866 
4813552523 274 280 768 -1 
3388727485 282 594 767 769 
52574330 284 771 773 775 
5034020835 286 770 777 779 
26287337 287 289 291 -1 
5297175901 288 293 295 297 
26592095 292 299 301 -1 
30067209 294 303 305 307 
5051334839 296 309 311 -1 
5297175900 298 302 313 315 
33993008 300 317 319 -1 
4776936200 304 354 371 -1 
136469026 306 314 366 -1 
5051334846 308 811 813 -1 
26287344 310 321 323 -1 
5297175899 316 320 558 662 
28897755 318 542 556 -1 
5180184820 322 325 327 -1 
5034020820 324 329 331 333 
4776936211 326 335 337 -1 
4776936207 330 336 339 -1 
5051333074 332 341 343 -1 
5051333076 334 344 345 -1 
34711879 338 788 816 -1 
29559119 340 390 783 -1 
29559123 342 792 808 -1 
5034020819 346 386 784 785 
26287347 347 349 351 353 
5034020816 348 355 357 359 
4776936196 350 361 363 -1 
26592079 352 365 367 369 
5034020815 356 370 373 375 
5034020818 360 385 387 -1 
34711892 362 389 391 -1 
4776936197 364 372 393 395 
26607211 368 397 399 401 
26592121 374 380 663 665 
5034020825 376 400 552 659 
35835335 378 608 635 -1 
4776936173 382 697 699 -1 
5568852439 384 638 666 695 
303474834 388 698 794 -1 
4776936206 392 394 787 -1 
4776936199 396 812 815 -1 
26882430 398 526 533 535 
243681990 402 548 661 -1 
26287349 403 405 407 409 
5289133043 404 411 413 415 
27448282 406 417 419 -1 
3439411274 408 421 423 -1 
5034020809 414 427 429 -1 
26592037 418 433 435 -1 
27446969 422 437 439 -1 
3439411269 424 426 441 443 
36154971 428 432 498 517 
5034020810 430 500 506 -1 
3928504151 434 504 530 541 
3439411272 440 442 764 -1 
330179553 444 744 782 -1 
31564847 454 749 751 -1 
26480117 455 457 459 461 
5034020831 456 463 465 467 
28583756 458 469 471 473 
5290737078 462 479 481 -1 
26882436 464 483 485 487 
5034020830 466 474 489 491 
5292919123 468 482 493 495 
28583744 470 476 497 499 
5034020827 472 501 503 505 
26592198 478 507 509 511 
36154970 480 512 513 515 
3394764062 484 702 729 -1 
5292919122 486 494 734 739 
3439425372 488 492 546 736 
5034020826 490 502 524 531 
5034020832 496 516 566 575 
26592197 508 519 521 -1 
26592055 514 520 559 561 
26514771 523 525 527 529 
243682006 528 537 539 -1 
5034020811 532 543 545 -1 
243682001 534 538 547 549 
5034020812 536 544 551 553 
5297175897 540 550 555 557 
4910855745 554 706 730 735 
5034020833 560 563 565 567 
5046598079 562 569 571 573 
4475232898 564 579 581 583 
7314757893 568 574 585 587 
3388725402 570 589 591 593 
52574369 576 738 740 -1 
5292919128 580 612 624 641 
5200235386 582 732 737 -1 
5045917153 584 588 658 -1 
5034020834 586 592 656 778 
26592063 595 597 599 601 
26592106 596 603 605 607 
26592145 598 609 611 -1 
3388726382 600 613 615 617 
5288969421 602 619 621 623 
3388726383 604 616 625 627 
3388726380 606 629 631 633 
35835334 610 637 639 -1 
5288969420 614 622 643 645 
3614344353 618 647 649 651 
5045917154 620 653 655 657 
31564868 626 648 667 669 
263646218 628 632 671 -1 
29559121 630 673 675 677 
3388726381 634 679 681 683 
3357266262 636 685 687 -1 
35835287 640 686 709 711 
5292919126 642 694 696 707 
3388727486 644 654 882 885 
5288969402 646 652 841 843 
26882437 660 692 705 -1 
5498653435 664 689 691 693 
52572010 668 826 829 -1 
35835586 670 722 837 -1 
3388726387 672 684 754 817 
4776936179 674 790 795 797 
29559125 676 799 801 -1 
4776936170 678 803 805 -1 
31564859 680 800 809 -1 
4089096054 682 756 810 -1 
35835273 688 852 859 -1 
26607215 690 701 703 -1 
4776936174 700 796 806 -1 
5292917320 704 708 731 733 
35835267 710 714 849 -1 
35835282 712 855 857 -1 
52571748 720 745 747 -1 
52571612 724 726 871 -1 
27446994 742 766 781 -1 
52571820 746 872 873 -1 
52571931 748 758 819 -1 
3396376718 750 753 755 -1 
52571967 752 757 759 -1 
52571952 760 821 823 -1 
27446995 762 763 765 -1 
52574278 776 875 877 -1 
3931988750 780 886 888 -1 
29559122 786 789 791 793 
4776936185 798 802 807 -1 
31564860 818 825 827 -1 
52571897 820 824 880 -1 
3754133575 822 828 831 -1 
3754129253 830 832 833 835 
52571858 834 874 879 -1 
35835278 838 845 847 -1 
35835281 840 848 858 -1 
52573458 844 876 881 883 
35835277 846 860 868 -1 
35835304 850 851 853 -1 
35835269 856 861 863 -1 
35835300 864 867 869 -1 
4840058759 878 890 891 -1 
4815879711 884 887 889 -1 
