0.0,1.0
42.0,1.0
47.0,2.0
55.0,2.0
60.0,1.0
61.0,1.0
66.0,2.0
70.0,2.0
75.0,1.0
76.0,1.0
81.0,2.0
82.0,2.0
87.0,1.0
92.0,1.0
97.0,2.0
98.0,2.0
103.0,3.0
104.0,3.0
109.0,1.0
112.0,1.0
117.0,2.0
119.0,2.0
124.0,1.0
130.0,1.0
135.0,2.0
140.0,2.0
145.0,1.0
150.0,1.0
155.0,2.0
156.0,2.0
161.0,1.0
177.0,1.0
182.0,2.0
183.0,2.0
188.0,1.0
196.0,1.0
201.0,2.0
206.0,2.0
211.0,1.0
217.0,1.0
222.0,2.0
223.0,2.0
228.0,1.0
234.0,1.0
239.0,2.0
243.0,2.0
248.0,1.0
250.0,1.0
255.0,2.0
261.0,2.0
266.0,3.0
267.0,3.0
272.0,1.0
288.0,1.0
293.0,2.0
305.0,2.0
310.0,1.0
311.0,1.0
316.0,2.0
320.0,2.0
325.0,1.0
326.0,1.0
331.0,2.0
337.0,2.0
342.0,1.0
348.0,1.0
353.0,2.0
357.0,2.0
362.0,1.0
366.0,1.0
371.0,2.0
380.0,2.0
385.0,1.0
386.0,1.0
391.0,2.0
393.0,2.0
398.0,1.0
402.0,1.0
407.0,2.0
412.0,2.0
417.0,1.0
422.0,1.0
427.0,2.0
432.0,2.0
437.0,1.0
438.0,1.0
443.0,3.0
444.0,3.0
449.0,2.0
450.0,2.0
455.0,1.0
458.0,1.0
463.0,2.0
467.0,2.0
472.0,1.0
477.0,1.0
482.0,2.0
487.0,2.0
492.0,1.0
497.0,1.0
502.0,2.0
503.0,2.0
508.0,1.0
513.0,1.0
518.0,2.0
526.0,2.0
531.0,1.0
532.0,1.0
537.0,2.0
542.0,2.0
547.0,1.0
548.0,1.0
553.0,2.0
558.0,2.0
563.0,1.0
568.0,1.0
573.0,2.0
574.0,2.0
579.0,1.0
583.0,1.0
588.0,2.0
593.0,2.0
598.0,3.0
599.0,3.0
604.0,1.0
605.0,1.0
610.0,2.0
611.0,2.0
616.0,1.0
618.0,1.0
623.0,2.0
628.0,2.0
633.0,1.0
638.0,1.0
643.0,2.0
647.0,2.0
652.0,1.0
653.0,1.0
658.0,2.0
665.0,2.0
670.0,1.0
675.0,1.0
680.0,2.0
683.0,2.0
688.0,1.0
689.0,1.0
694.0,2.0
699.0,2.0
704.0,1.0
709.0,1.0
714.0,2.0
719.0,2.0
724.0,1.0
728.0,1.0
733.0,2.0
738.0,2.0
743.0,1.0
746.0,1.0
751.0,2.0
755.0,2.0
760.0,1.0
765.0,1.0
770.0,2.0
779.0,2.0
784.0,1.0
789.0,1.0
794.0,2.0
795.0,2.0
800.0,1.0
801.0,1.0
806.0,2.0
813.0,2.0
818.0,1.0
825.0,1.0
830.0,2.0
832.0,2.0
837.0,1.0
842.0,1.0
847.0,2.0
852.0,2.0
857.0,1.0
862.0,1.0
867.0,2.0
868.0,2.0
873.0,1.0
874.0,1.0
879.0,2.0
880.0,2.0
885.0,1.0
886.0,1.0
891.0,2.0
892.0,2.0
897.0,1.0
902.0,1.0
907.0,2.0
914.0,2.0
919.0,1.0
924.0,1.0
929.0,2.0
930.0,2.0
935.0,1.0
942.0,1.0
947.0,2.0
948.0,2.0
953.0,1.0
960.0,1.0
965.0,2.0
970.0,2.0
975.0,1.0
978.0,1.0
983.0,2.0
987.0,2.0
992.0,1.0
996.0,1.0
1001.0,2.0
1005.0,2.0
1010.0,1.0
1017.0,1.0
1022.0,2.0
1025.0,2.0
1030.0,1.0
1034.0,1.0
1039.0,2.0
1044.0,2.0
1049.0,1.0
1053.0,1.0
1058.0,2.0
1065.0,2.0
1070.0,1.0
1075.0,1.0
1080.0,2.0
1083.0,2.0
1088.0,1.0
1089.0,1.0
1094.0,2.0
1101.0,2.0
1106.0,1.0
1107.0,1.0
1112.0,2.0
1119.0,2.0
1124.0,1.0
1125.0,1.0
1130.0,3.0
1131.0,3.0
1136.0,2.0
1137.0,2.0
1142.0,1.0
1147.0,1.0
1152.0,2.0
1155.0,2.0
1160.0,1.0
1164.0,1.0
1169.0,2.0
1174.0,2.0
1179.0,1.0
1183.0,1.0
1188.0,2.0
1193.0,2.0
1198.0,1.0
1199.0,1.0
1204.0,4.0
1205.0,4.0
1210.0,2.0
1213.0,2.0
1218.0,1.0
1223.0,1.0
1228.0,2.0
1229.0,2.0
1234.0,1.0
1235.0,1.0
1240.0,2.0
1245.0,2.0
1250.0,1.0
1255.0,1.0
1260.0,2.0
1266.0,2.0
1271.0,1.0
1272.0,1.0
1277.0,2.0
1282.0,2.0
1287.0,1.0
1294.0,1.0
1299.0,2.0
1300.0,2.0
1305.0,1.0
1310.0,1.0
1315.0,2.0
1322.0,2.0
1327.0,1.0
1328.0,1.0
1333.0,2.0
1338.0,2.0
1343.0,1.0
1347.0,1.0
1352.0,2.0
1361.0,2.0
1366.0,1.0
1367.0,1.0
1372.0,2.0
1374.0,2.0
1379.0,1.0
1384.0,1.0
1389.0,2.0
1392.0,2.0
1397.0,1.0
1398.0,1.0
1403.0,2.0
1404.0,2.0
1409.0,1.0
1411.0,1.0
1416.0,2.0
1417.0,2.0
1422.0,1.0
1424.0,1.0
1429.0,2.0
1430.0,2.0
1435.0,1.0
1436.0,1.0
1441.0,2.0
1448.0,2.0
1453.0,1.0
1460.0,1.0
1465.0,2.0
1470.0,2.0
1475.0,1.0
1478.0,1.0
1483.0,2.0
1484.0,2.0
1489.0,1.0
1494.0,1.0
1499.0,2.0
1505.0,2.0
1510.0,1.0
1514.0,1.0
1519.0,2.0
1520.0,2.0
1525.0,1.0
1529.0,1.0
1534.0,2.0
1539.0,2.0
1544.0,1.0
1548.0,1.0
1553.0,2.0
1555.0,2.0
1560.0,1.0
1566.0,1.0
1571.0,2.0
1576.0,2.0
1581.0,1.0
1584.0,1.0
1589.0,2.0
1593.0,2.0
1598.0,1.0
1599.0,1.0
1604.0,2.0
1608.0,2.0
1613.0,1.0
1620.0,1.0
1625.0,2.0
1629.0,2.0
1634.0,1.0
1638.0,1.0
1643.0,2.0
1647.0,2.0
1652.0,1.0
1657.0,1.0
1662.0,2.0
1663.0,2.0
1668.0,1.0
1675.0,1.0
1680.0,2.0
1685.0,2.0
1690.0,1.0
1692.0,1.0
1697.0,2.0
1701.0,2.0
1706.0,1.0
1711.0,1.0
1716.0,2.0
1717.0,2.0
1722.0,1.0
1727.0,1.0
1732.0,2.0
1739.0,2.0
1744.0,1.0
1748.0,1.0
1753.0,2.0
1757.0,2.0
1762.0,1.0
1767.0,1.0
1772.0,2.0
1777.0,2.0
1782.0,1.0
1786.0,1.0
1791.0,2.0
1795.0,2.0
1800.0,1.0
1803.0,1.0
1808.0,2.0
1809.0,2.0
1814.0,1.0
1819.0,1.0
1824.0,2.0
1831.0,2.0
1836.0,1.0
1839.0,1.0
1844.0,2.0
1845.0,2.0
1850.0,1.0
1855.0,1.0
1860.0,2.0
1865.0,2.0
1870.0,1.0
1871.0,1.0
1876.0,2.0
1881.0,2.0
1886.0,1.0
1891.0,1.0
1896.0,2.0
1900.0,2.0
1905.0,1.0
1910.0,1.0
1915.0,2.0
1920.0,2.0
1925.0,1.0
1926.0,1.0
1931.0,2.0
1936.0,2.0
1941.0,1.0
1946.0,1.0
1951.0,2.0
1956.0,2.0
1961.0,1.0
1964.0,1.0
1969.0,2.0
1977.0,2.0
1982.0,1.0
1983.0,1.0
1988.0,2.0
1993.0,2.0
1998.0,1.0
1999.0,1.0
2004.0,2.0
2013.0,2.0
2018.0,1.0
2021.0,1.0
2026.0,2.0
2027.0,2.0
2032.0,1.0
2035.0,1.0
2040.0,2.0
2041.0,2.0
2046.0,1.0
2047.0,1.0
2052.0,2.0
2059.0,2.0
2064.0,1.0
2071.0,1.0
2076.0,2.0
2080.0,2.0
2085.0,3.0
2086.0,3.0
2091.0,1.0
2092.0,1.0
2097.0,2.0
2098.0,2.0
2103.0,1.0
2104.0,1.0
2109.0,2.0
2114.0,2.0
2119.0,1.0
2120.0,1.0
2125.0,2.0
2132.0,2.0
2137.0,1.0
2142.0,1.0
2147.0,3.0
2148.0,3.0
2153.0,2.0
2158.0,2.0
2163.0,1.0
2164.0,1.0
2169.0,2.0
2174.0,2.0
2179.0,1.0
2184.0,1.0
2189.0,2.0
2194.0,2.0
2199.0,1.0
2202.0,1.0
2207.0,2.0
2212.0,2.0
2217.0,1.0
2218.0,1.0
2223.0,2.0
2227.0,2.0
2232.0,3.0
2233.0,3.0
2238.0,1.0
2241.0,1.0
2246.0,2.0
2247.0,2.0
2252.0,1.0
2253.0,1.0
2258.0,2.0
2265.0,2.0
2270.0,1.0
2271.0,1.0
2276.0,3.0
2277.0,3.0
2282.0,2.0
2283.0,2.0
2288.0,1.0
2289.0,1.0
2294.0,2.0
2295.0,2.0
2300.0,1.0
2305.0,1.0
2310.0,2.0
2314.0,2.0
2319.0,1.0
2322.0,1.0
2327.0,2.0
2328.0,2.0
2333.0,1.0
2334.0,1.0
2339.0,2.0
2344.0,2.0
2349.0,1.0
2350.0,1.0
2355.0,2.0
2361.0,2.0
2366.0,3.0
2367.0,3.0
2372.0,1.0
2373.0,1.0
2378.0,2.0
2380.0,2.0
2385.0,1.0
2386.0,1.0
2391.0,2.0
2392.0,2.0
2397.0,1.0
2402.0,1.0
2407.0,2.0
2408.0,2.0
2413.0,1.0
2414.0,1.0
2419.0,2.0
2426.0,2.0
2431.0,1.0
2436.0,1.0
2441.0,2.0
2447.0,2.0
2452.0,1.0
2453.0,1.0
2458.0,2.0
2462.0,2.0
2467.0,1.0
2468.0,1.0
2473.0,4.0
2474.0,4.0
2479.0,1.0
2484.0,1.0
2489.0,2.0
2496.0,2.0
2501.0,4.0
2502.0,4.0
2507.0,2.0
2510.0,2.0
2515.0,1.0
2516.0,1.0
2521.0,4.0
2522.0,4.0
2527.0,2.0
2528.0,2.0
2533.0,1.0
2534.0,1.0
2539.0,2.0
2544.0,2.0
2549.0,1.0
2554.0,1.0
2559.0,3.0
2560.0,3.0
2565.0,2.0
2569.0,2.0
2574.0,4.0
2575.0,4.0
2580.0,1.0
2582.0,1.0
2587.0,2.0
2588.0,2.0
2593.0,4.0
2594.0,4.0
2599.0,1.0
2600.0,1.0
2605.0,2.0
2606.0,2.0
2611.0,4.0
2612.0,4.0
2617.0,2.0
2621.0,2.0
2626.0,1.0
2627.0,1.0
2632.0,2.0
2633.0,2.0
2638.0,4.0
2639.0,4.0
2644.0,2.0
2645.0,2.0
2650.0,1.0
2651.0,1.0
2656.0,2.0
2663.0,2.0
2668.0,1.0
2669.0,1.0
2674.0,2.0
2777.0,2.0
2782.0,1.0
2783.0,1.0
2788.0,2.0
2848.0,2.0
2853.0,1.0
2854.0,1.0
2859.0,2.0
2942.0,2.0
2947.0,1.0
2948.0,1.0
2953.0,2.0
2965.0,2.0
2970.0,1.0
2971.0,1.0
2976.0,2.0
3065.0,2.0
3070.0,1.0
3071.0,1.0
3076.0,2.0
3117.0,2.0
3122.0,1.0
3123.0,1.0
3128.0,2.0
3135.0,2.0
3140.0,1.0
3143.0,1.0
3148.0,2.0
3174.0,2.0
3179.0,1.0
3180.0,1.0
3185.0,2.0
3191.0,2.0
3196.0,3.0
3197.0,3.0
3202.0,2.0
3213.0,2.0
3218.0,1.0
3219.0,1.0
3224.0,2.0
3254.0,2.0
3259.0,1.0
3260.0,1.0
3265.0,2.0
3288.0,2.0
3293.0,4.0
3294.0,4.0
3299.0,1.0
3300.0,1.0
3305.0,2.0
3332.0,2.0
3337.0,1.0
3338.0,1.0
3343.0,2.0
3364.0,2.0
3369.0,4.0
3370.0,4.0
3375.0,1.0
3376.0,1.0
3381.0,2.0
3418.0,2.0
3423.0,1.0
3424.0,1.0
3429.0,2.0
3437.0,2.0
3442.0,4.0
3443.0,4.0
3448.0,1.0
3449.0,1.0
3454.0,2.0
3455.0,2.0
3460.0,1.0
3461.0,1.0
3466.0,2.0
3499.0,2.0
3504.0,1.0
3505.0,1.0
3510.0,2.0
3517.0,2.0
3522.0,1.0
3523.0,1.0
3528.0,2.0
3538.0,2.0
3543.0,1.0
3544.0,1.0
3549.0,2.0
3557.0,2.0
3562.0,4.0
3563.0,4.0
3568.0,2.0
3570.0,2.0
3575.0,1.0
3576.0,1.0
3581.0,2.0
3588.0,2.0
3593.0,1.0
3594.0,1.0
3599.0,2.0
