0.0,1.0
5.0,1.0
10.0,2.0
11.0,2.0
16.0,1.0
40.0,1.0
45.0,2.0
46.0,2.0
51.0,1.0
57.0,1.0
62.0,4.0
63.0,4.0
68.0,1.0
85.0,1.0
90.0,2.0
98.0,2.0
103.0,1.0
104.0,1.0
109.0,2.0
114.0,2.0
119.0,3.0
123.0,3.0
128.0,1.0
129.0,1.0
134.0,3.0
135.0,3.0
140.0,1.0
145.0,1.0
150.0,2.0
157.0,2.0
162.0,3.0
163.0,3.0
168.0,4.0
169.0,4.0
174.0,1.0
181.0,1.0
186.0,4.0
187.0,4.0
192.0,2.0
197.0,2.0
202.0,4.0
203.0,4.0
208.0,1.0
217.0,1.0
222.0,2.0
223.0,2.0
228.0,1.0
229.0,1.0
234.0,2.0
235.0,2.0
240.0,1.0
245.0,1.0
250.0,2.0
251.0,2.0
256.0,1.0
257.0,1.0
262.0,2.0
267.0,2.0
272.0,1.0
279.0,1.0
284.0,2.0
290.0,2.0
295.0,1.0
296.0,1.0
301.0,2.0
302.0,2.0
307.0,4.0
308.0,4.0
313.0,1.0
318.0,1.0
323.0,2.0
324.0,2.0
329.0,1.0
330.0,1.0
335.0,2.0
342.0,2.0
347.0,1.0
352.0,1.0
357.0,2.0
362.0,2.0
367.0,1.0
372.0,1.0
377.0,2.0
378.0,2.0
383.0,1.0
384.0,1.0
389.0,2.0
394.0,2.0
399.0,3.0
400.0,3.0
405.0,2.0
406.0,2.0
411.0,1.0
415.0,1.0
420.0,2.0
425.0,2.0
430.0,1.0
431.0,1.0
436.0,2.0
442.0,2.0
447.0,1.0
455.0,1.0
460.0,2.0
461.0,2.0
466.0,1.0
472.0,1.0
477.0,2.0
478.0,2.0
483.0,1.0
484.0,1.0
489.0,2.0
500.0,2.0
505.0,1.0
511.0,1.0
516.0,2.0
518.0,2.0
523.0,1.0
529.0,1.0
534.0,2.0
536.0,2.0
541.0,1.0
546.0,1.0
551.0,2.0
556.0,2.0
561.0,1.0
566.0,1.0
571.0,2.0
572.0,2.0
577.0,1.0
583.0,1.0
588.0,2.0
589.0,2.0
594.0,1.0
599.0,1.0
604.0,2.0
608.0,2.0
613.0,1.0
617.0,1.0
622.0,2.0
627.0,2.0
632.0,1.0
636.0,1.0
641.0,2.0
642.0,2.0
647.0,1.0
651.0,1.0
656.0,2.0
663.0,2.0
668.0,1.0
672.0,1.0
677.0,2.0
678.0,2.0
683.0,1.0
684.0,1.0
689.0,2.0
699.0,2.0
704.0,1.0
708.0,1.0
713.0,2.0
718.0,2.0
723.0,1.0
724.0,1.0
729.0,2.0
734.0,2.0
739.0,1.0
744.0,1.0
749.0,2.0
754.0,2.0
759.0,1.0
760.0,1.0
765.0,4.0
766.0,4.0
771.0,2.0
775.0,2.0
780.0,1.0
781.0,1.0
786.0,2.0
790.0,2.0
795.0,1.0
796.0,1.0
801.0,2.0
807.0,2.0
812.0,1.0
816.0,1.0
821.0,2.0
832.0,2.0
837.0,4.0
838.0,4.0
843.0,1.0
844.0,1.0
849.0,2.0
850.0,2.0
855.0,1.0
856.0,1.0
861.0,2.0
867.0,2.0
872.0,1.0
873.0,1.0
878.0,2.0
879.0,2.0
884.0,1.0
885.0,1.0
890.0,2.0
894.0,2.0
899.0,1.0
904.0,1.0
909.0,2.0
914.0,2.0
919.0,1.0
920.0,1.0
925.0,2.0
933.0,2.0
938.0,1.0
941.0,1.0
946.0,2.0
948.0,2.0
953.0,1.0
958.0,1.0
963.0,2.0
966.0,2.0
971.0,1.0
973.0,1.0
978.0,2.0
979.0,2.0
984.0,1.0
989.0,1.0
994.0,2.0
999.0,2.0
1004.0,1.0
1009.0,1.0
1014.0,2.0
1023.0,2.0
1028.0,1.0
1033.0,1.0
1038.0,2.0
1039.0,2.0
1044.0,1.0
1049.0,1.0
1054.0,2.0
1059.0,2.0
1064.0,1.0
1068.0,1.0
1073.0,2.0
1079.0,2.0
1084.0,1.0
1089.0,1.0
1094.0,2.0
1098.0,2.0
1103.0,1.0
1104.0,1.0
1109.0,2.0
1115.0,2.0
1120.0,1.0
1125.0,1.0
1130.0,2.0
1136.0,2.0
1141.0,1.0
1142.0,1.0
1147.0,2.0
1152.0,2.0
1157.0,1.0
1162.0,1.0
1167.0,2.0
1171.0,2.0
1176.0,1.0
1179.0,1.0
1184.0,2.0
1185.0,2.0
1190.0,1.0
1195.0,1.0
1200.0,2.0
1205.0,2.0
1210.0,1.0
1217.0,1.0
1222.0,2.0
1223.0,2.0
1228.0,1.0
1233.0,1.0
1238.0,2.0
1242.0,2.0
1247.0,1.0
1253.0,1.0
1258.0,2.0
1259.0,2.0
1264.0,1.0
1271.0,1.0
1276.0,2.0
1281.0,2.0
1286.0,1.0
1289.0,1.0
1294.0,2.0
1296.0,2.0
1301.0,1.0
1306.0,1.0
1311.0,2.0
1316.0,2.0
1321.0,1.0
1324.0,1.0
1329.0,2.0
1332.0,2.0
1337.0,1.0
1342.0,1.0
1347.0,2.0
1348.0,2.0
1353.0,1.0
1354.0,1.0
1359.0,2.0
1364.0,2.0
1369.0,4.0
1370.0,4.0
1375.0,1.0
1380.0,1.0
1385.0,2.0
1386.0,2.0
1391.0,1.0
1393.0,1.0
1398.0,2.0
1399.0,2.0
1404.0,1.0
1409.0,1.0
1414.0,2.0
1415.0,2.0
1420.0,4.0
1421.0,4.0
1426.0,1.0
1429.0,1.0
1434.0,2.0
1435.0,2.0
1440.0,1.0
1442.0,1.0
1447.0,2.0
1451.0,2.0
1456.0,1.0
1461.0,1.0
1466.0,2.0
1468.0,2.0
1473.0,1.0
1479.0,1.0
1484.0,2.0
1485.0,2.0
1490.0,1.0
1495.0,1.0
1500.0,2.0
1504.0,2.0
1509.0,1.0
1514.0,1.0
1519.0,4.0
1520.0,4.0
1525.0,1.0
1529.0,1.0
1534.0,2.0
1538.0,2.0
1543.0,1.0
1550.0,1.0
1555.0,2.0
1559.0,2.0
1564.0,1.0
1569.0,1.0
1574.0,3.0
1575.0,3.0
1580.0,1.0
1587.0,1.0
1592.0,2.0
1593.0,2.0
1598.0,1.0
1602.0,1.0
1607.0,2.0
1612.0,2.0
1617.0,1.0
1622.0,1.0
1627.0,2.0
1629.0,2.0
1634.0,1.0
1638.0,1.0
1643.0,2.0
1647.0,2.0
1652.0,1.0
1656.0,1.0
1661.0,2.0
1665.0,2.0
1670.0,1.0
1675.0,1.0
1680.0,2.0
1685.0,2.0
1690.0,1.0
1697.0,1.0
1702.0,2.0
1705.0,2.0
1710.0,1.0
1711.0,1.0
1716.0,2.0
1721.0,2.0
1726.0,1.0
1731.0,1.0
1736.0,3.0
1737.0,3.0
1742.0,2.0
1743.0,2.0
1748.0,1.0
1752.0,1.0
1757.0,2.0
1762.0,2.0
1767.0,1.0
1768.0,1.0
1773.0,2.0
1780.0,2.0
1785.0,1.0
1786.0,1.0
1791.0,2.0
1796.0,2.0
1801.0,1.0
1802.0,1.0
1807.0,2.0
1808.0,2.0
1813.0,1.0
1819.0,1.0
1824.0,2.0
1829.0,2.0
1834.0,3.0
1835.0,3.0
1840.0,1.0
1841.0,1.0
1846.0,2.0
1847.0,2.0
1852.0,1.0
1855.0,1.0
1860.0,2.0
1861.0,2.0
1866.0,1.0
1871.0,1.0
1876.0,2.0
1881.0,2.0
1886.0,4.0
1887.0,4.0
1892.0,1.0
1893.0,1.0
1898.0,3.0
1899.0,3.0
1904.0,1.0
1905.0,1.0
1910.0,2.0
1915.0,2.0
1920.0,1.0
1921.0,1.0
1926.0,2.0
1931.0,2.0
1936.0,1.0
1937.0,1.0
1942.0,4.0
1943.0,4.0
1948.0,2.0
1949.0,2.0
1954.0,1.0
1957.0,1.0
1962.0,2.0
1967.0,2.0
1972.0,1.0
1977.0,1.0
1982.0,2.0
1983.0,2.0
1988.0,3.0
1989.0,3.0
1994.0,1.0
1995.0,1.0
2000.0,2.0
2001.0,2.0
2006.0,1.0
2011.0,1.0
2016.0,2.0
2019.0,2.0
2024.0,4.0
2025.0,4.0
2030.0,1.0
2031.0,1.0
2036.0,2.0
2040.0,2.0
2045.0,1.0
2051.0,1.0
2056.0,2.0
2057.0,2.0
2062.0,1.0
2063.0,1.0
2068.0,4.0
2069.0,4.0
2074.0,2.0
2075.0,2.0
2080.0,1.0
2085.0,1.0
2090.0,2.0
2095.0,2.0
2100.0,1.0
2101.0,1.0
2106.0,3.0
2107.0,3.0
2112.0,4.0
2113.0,4.0
2118.0,1.0
2119.0,1.0
2124.0,2.0
2125.0,2.0
2130.0,1.0
2134.0,1.0
2139.0,2.0
2144.0,2.0
2149.0,1.0
2150.0,1.0
2155.0,4.0
2156.0,4.0
2161.0,1.0
2162.0,1.0
2167.0,2.0
2168.0,2.0
2173.0,1.0
2174.0,1.0
2179.0,2.0
2180.0,2.0
2185.0,1.0
2186.0,1.0
2191.0,2.0
2195.0,2.0
2200.0,1.0
2201.0,1.0
2206.0,2.0
2207.0,2.0
2212.0,1.0
2213.0,1.0
2218.0,2.0
2219.0,2.0
2224.0,1.0
2225.0,1.0
2230.0,2.0
2231.0,2.0
2236.0,1.0
2237.0,1.0
2242.0,2.0
2247.0,2.0
2252.0,1.0
2257.0,1.0
2262.0,4.0
2263.0,4.0
2268.0,1.0
2272.0,1.0
2277.0,2.0
2282.0,2.0
2287.0,1.0
2291.0,1.0
2296.0,2.0
2300.0,2.0
2305.0,1.0
2309.0,1.0
2314.0,4.0
2315.0,4.0
2320.0,1.0
2326.0,1.0
2331.0,2.0
2335.0,2.0
2340.0,1.0
2344.0,1.0
2349.0,2.0
2351.0,2.0
2356.0,1.0
2357.0,1.0
2362.0,3.0
2363.0,3.0
2368.0,1.0
2376.0,1.0
2381.0,2.0
2386.0,2.0
2391.0,3.0
2392.0,3.0
2397.0,1.0
2403.0,1.0
2408.0,4.0
2409.0,4.0
2414.0,1.0
2419.0,1.0
2424.0,2.0
2428.0,2.0
2433.0,1.0
2434.0,1.0
2439.0,4.0
2440.0,4.0
2445.0,2.0
2446.0,2.0
2451.0,1.0
2457.0,1.0
2462.0,2.0
2463.0,2.0
2468.0,1.0
2469.0,1.0
2474.0,4.0
2475.0,4.0
2480.0,1.0
2481.0,1.0
2486.0,2.0
2487.0,2.0
2492.0,1.0
2497.0,1.0
2502.0,2.0
2503.0,2.0
2508.0,4.0
2509.0,4.0
2514.0,1.0
2517.0,1.0
2522.0,2.0
2523.0,2.0
2528.0,1.0
2533.0,1.0
2538.0,2.0
2542.0,2.0
2547.0,3.0
2548.0,3.0
2553.0,1.0
2560.0,1.0
2565.0,2.0
2566.0,2.0
2571.0,3.0
2572.0,3.0
2577.0,2.0
2578.0,2.0
2583.0,1.0
2588.0,1.0
2593.0,2.0
2594.0,2.0
2599.0,4.0
2600.0,4.0
2605.0,1.0
2606.0,1.0
2611.0,2.0
2616.0,2.0
2621.0,4.0
2622.0,4.0
2627.0,1.0
2628.0,1.0
2633.0,2.0
2634.0,2.0
2639.0,1.0
2642.0,1.0
2647.0,2.0
2651.0,2.0
2656.0,1.0
2657.0,1.0
2662.0,3.0
2663.0,3.0
2668.0,2.0
2670.0,2.0
2675.0,1.0
2676.0,1.0
2681.0,3.0
2682.0,3.0
2687.0,2.0
2688.0,2.0
2693.0,1.0
2698.0,1.0
2703.0,2.0
2707.0,2.0
2712.0,3.0
2713.0,3.0
2718.0,1.0
2722.0,1.0
2727.0,2.0
2731.0,2.0
2736.0,3.0
2737.0,3.0
2742.0,1.0
2747.0,1.0
2752.0,2.0
2753.0,2.0
2758.0,1.0
2760.0,1.0
2765.0,3.0
2766.0,3.0
2771.0,2.0
2772.0,2.0
2777.0,1.0
2782.0,1.0
2787.0,2.0
2791.0,2.0
2796.0,1.0
2797.0,1.0
2802.0,2.0
2803.0,2.0
2808.0,1.0
2813.0,1.0
2818.0,3.0
2819.0,3.0
2824.0,2.0
2827.0,2.0
2832.0,1.0
2833.0,1.0
2838.0,2.0
2845.0,2.0
2850.0,1.0
2852.0,1.0
2857.0,2.0
2859.0,2.0
2864.0,3.0
2865.0,3.0
2870.0,1.0
2873.0,1.0
2878.0,3.0
2879.0,3.0
2884.0,2.0
2885.0,2.0
2890.0,1.0
2892.0,1.0
2897.0,2.0
2902.0,2.0
2907.0,1.0
2908.0,1.0
2913.0,3.0
2914.0,3.0
2919.0,2.0
2923.0,2.0
2928.0,3.0
2932.0,3.0
2937.0,2.0
2938.0,2.0
2943.0,1.0
2944.0,1.0
2949.0,3.0
2950.0,3.0
2955.0,2.0
2956.0,2.0
2961.0,1.0
2962.0,1.0
2967.0,4.0
2968.0,4.0
2973.0,2.0
2974.0,2.0
2979.0,1.0
2980.0,1.0
2985.0,4.0
2986.0,4.0
2991.0,2.0
2992.0,2.0
2997.0,1.0
3002.0,1.0
3007.0,2.0
3008.0,2.0
3013.0,1.0
3016.0,1.0
3021.0,3.0
3022.0,3.0
3027.0,2.0
3028.0,2.0
3033.0,1.0
3041.0,1.0
3046.0,3.0
3047.0,3.0
3052.0,1.0
3060.0,1.0
3065.0,2.0
3066.0,2.0
3071.0,1.0
3075.0,1.0
3080.0,3.0
3081.0,3.0
3086.0,2.0
3087.0,2.0
3092.0,1.0
3099.0,1.0
3104.0,2.0
3105.0,2.0
3110.0,1.0
3111.0,1.0
3116.0,2.0
3117.0,2.0
3122.0,3.0
3123.0,3.0
3128.0,1.0
3135.0,1.0
3140.0,2.0
3145.0,2.0
3150.0,1.0
3152.0,1.0
3157.0,2.0
3160.0,2.0
3165.0,1.0
3169.0,1.0
3174.0,3.0
3175.0,3.0
3180.0,2.0
3181.0,2.0
3186.0,1.0
3192.0,1.0
3197.0,2.0
3198.0,2.0
3203.0,4.0
3204.0,4.0
3209.0,1.0
3214.0,1.0
3219.0,3.0
3220.0,3.0
3225.0,1.0
3226.0,1.0
3231.0,2.0
3232.0,2.0
3237.0,3.0
3240.0,3.0
3245.0,1.0
3246.0,1.0
3251.0,3.0
3252.0,3.0
3257.0,4.0
3258.0,4.0
3263.0,1.0
3270.0,1.0
3275.0,2.0
3279.0,2.0
3284.0,1.0
3286.0,1.0
3291.0,3.0
3292.0,3.0
3297.0,2.0
3298.0,2.0
3303.0,1.0
3307.0,1.0
3312.0,3.0
3313.0,3.0
3318.0,1.0
3323.0,1.0
3328.0,3.0
3329.0,3.0
3334.0,2.0
3335.0,2.0
3340.0,3.0
3341.0,3.0
3346.0,1.0
3347.0,1.0
3352.0,2.0
3353.0,2.0
3358.0,1.0
3363.0,1.0
3368.0,3.0
3369.0,3.0
3374.0,2.0
3375.0,2.0
3380.0,1.0
3385.0,1.0
3390.0,2.0
3391.0,2.0
3396.0,3.0
3397.0,3.0
3402.0,2.0
3403.0,2.0
3408.0,1.0
3410.0,1.0
3415.0,3.0
3416.0,3.0
3421.0,1.0
3422.0,1.0
3427.0,2.0
3428.0,2.0
3433.0,3.0
3434.0,3.0
3439.0,4.0
3440.0,4.0
3445.0,1.0
3449.0,1.0
3454.0,2.0
3455.0,2.0
3460.0,4.0
3461.0,4.0
3466.0,1.0
3467.0,1.0
3472.0,2.0
3477.0,2.0
3482.0,4.0
3483.0,4.0
3488.0,1.0
3489.0,1.0
3494.0,2.0
3497.0,2.0
3502.0,1.0
3503.0,1.0
3508.0,2.0
3513.0,2.0
3518.0,3.0
3519.0,3.0
3524.0,2.0
3525.0,2.0
3530.0,3.0
3531.0,3.0
3536.0,1.0
3541.0,1.0
3546.0,2.0
3552.0,2.0
3557.0,1.0
3558.0,1.0
3563.0,2.0
3568.0,2.0
3573.0,4.0
3574.0,4.0
3579.0,1.0
3580.0,1.0
3585.0,2.0
3586.0,2.0
3591.0,3.0
3592.0,3.0
3597.0,1.0
3598.0,1.0
