0.0,1.0
4.0,1.0
9.0,3.0
10.0,3.0
15.0,1.0
16.0,1.0
21.0,3.0
33.0,3.0
38.0,1.0
60.0,1.0
65.0,3.0
66.0,3.0
71.0,1.0
79.0,1.0
84.0,2.0
85.0,2.0
90.0,1.0
91.0,1.0
96.0,3.0
97.0,3.0
102.0,1.0
107.0,1.0
112.0,2.0
116.0,2.0
121.0,1.0
146.0,1.0
151.0,2.0
152.0,2.0
157.0,1.0
158.0,1.0
163.0,2.0
164.0,2.0
169.0,1.0
174.0,1.0
179.0,2.0
180.0,2.0
185.0,3.0
186.0,3.0
191.0,2.0
192.0,2.0
197.0,3.0
198.0,3.0
203.0,4.0
204.0,4.0
209.0,1.0
214.0,1.0
219.0,2.0
220.0,2.0
225.0,1.0
226.0,1.0
231.0,2.0
236.0,2.0
241.0,1.0
247.0,1.0
252.0,2.0
253.0,2.0
258.0,1.0
265.0,1.0
270.0,2.0
271.0,2.0
276.0,1.0
278.0,1.0
283.0,2.0
287.0,2.0
292.0,1.0
296.0,1.0
301.0,3.0
306.0,3.0
311.0,2.0
312.0,2.0
317.0,1.0
322.0,1.0
327.0,2.0
328.0,2.0
333.0,1.0
338.0,1.0
343.0,2.0
344.0,2.0
349.0,1.0
360.0,1.0
365.0,3.0
366.0,3.0
371.0,1.0
375.0,1.0
380.0,2.0
381.0,2.0
386.0,1.0
394.0,1.0
399.0,2.0
400.0,2.0
405.0,1.0
410.0,1.0
415.0,2.0
416.0,2.0
421.0,1.0
427.0,1.0
432.0,2.0
436.0,2.0
441.0,1.0
442.0,1.0
447.0,2.0
452.0,2.0
457.0,1.0
461.0,1.0
466.0,2.0
467.0,2.0
472.0,3.0
473.0,3.0
478.0,2.0
479.0,2.0
484.0,1.0
493.0,1.0
498.0,2.0
500.0,2.0
505.0,1.0
506.0,1.0
511.0,2.0
512.0,2.0
517.0,1.0
522.0,1.0
527.0,2.0
528.0,2.0
533.0,1.0
538.0,1.0
543.0,2.0
544.0,2.0
549.0,1.0
553.0,1.0
558.0,2.0
564.0,2.0
569.0,1.0
574.0,1.0
579.0,2.0
583.0,2.0
588.0,1.0
593.0,1.0
598.0,2.0
603.0,2.0
608.0,1.0
611.0,1.0
616.0,2.0
620.0,2.0
625.0,3.0
626.0,3.0
631.0,1.0
633.0,1.0
638.0,2.0
639.0,2.0
644.0,1.0
649.0,1.0
654.0,2.0
655.0,2.0
660.0,1.0
667.0,1.0
672.0,2.0
678.0,2.0
683.0,1.0
685.0,1.0
690.0,2.0
691.0,2.0
696.0,1.0
697.0,1.0
702.0,2.0
710.0,2.0
715.0,1.0
720.0,1.0
725.0,2.0
731.0,2.0
736.0,1.0
737.0,1.0
742.0,2.0
744.0,2.0
749.0,1.0
753.0,1.0
758.0,2.0
763.0,2.0
768.0,1.0
774.0,1.0
779.0,2.0
780.0,2.0
785.0,1.0
788.0,1.0
793.0,3.0
794.0,3.0
799.0,2.0
800.0,2.0
805.0,1.0
812.0,1.0
817.0,2.0
818.0,2.0
823.0,1.0
824.0,1.0
829.0,2.0
830.0,2.0
835.0,1.0
844.0,1.0
849.0,2.0
850.0,2.0
855.0,1.0
859.0,1.0
864.0,2.0
869.0,2.0
874.0,1.0
875.0,1.0
880.0,2.0
886.0,2.0
891.0,1.0
899.0,1.0
904.0,2.0
905.0,2.0
910.0,1.0
924.0,1.0
929.0,2.0
933.0,2.0
938.0,1.0
939.0,1.0
944.0,2.0
949.0,2.0
954.0,1.0
959.0,1.0
964.0,2.0
965.0,2.0
970.0,1.0
976.0,1.0
981.0,2.0
982.0,2.0
987.0,1.0
988.0,1.0
993.0,3.0
994.0,3.0
999.0,2.0
1004.0,2.0
1009.0,1.0
1014.0,1.0
1019.0,2.0
1020.0,2.0
1025.0,1.0
1033.0,1.0
1038.0,2.0
1039.0,2.0
1044.0,1.0
1049.0,1.0
1054.0,2.0
1063.0,2.0
1068.0,1.0
1078.0,1.0
1083.0,2.0
1087.0,2.0
1092.0,1.0
1100.0,1.0
1105.0,2.0
1106.0,2.0
1111.0,1.0
1116.0,1.0
1121.0,2.0
1123.0,2.0
1128.0,1.0
1132.0,1.0
1137.0,2.0
1142.0,2.0
1147.0,1.0
1158.0,1.0
1163.0,2.0
1164.0,2.0
1169.0,1.0
1184.0,1.0
1189.0,2.0
1191.0,2.0
1196.0,1.0
1200.0,1.0
1205.0,2.0
1211.0,2.0
1216.0,1.0
1218.0,1.0
1223.0,2.0
1224.0,2.0
1229.0,1.0
1237.0,1.0
1242.0,2.0
1248.0,2.0
1253.0,1.0
1258.0,1.0
1263.0,2.0
1264.0,2.0
1269.0,1.0
1284.0,1.0
1289.0,2.0
1290.0,2.0
1295.0,1.0
1300.0,1.0
1305.0,2.0
1313.0,2.0
1318.0,1.0
1320.0,1.0
1325.0,2.0
1326.0,2.0
1331.0,1.0
1332.0,1.0
1337.0,2.0
1338.0,2.0
1343.0,1.0
1344.0,1.0
1349.0,2.0
1350.0,2.0
1355.0,1.0
1359.0,1.0
1364.0,2.0
1367.0,2.0
1372.0,1.0
1373.0,1.0
1378.0,2.0
1379.0,2.0
1384.0,1.0
1385.0,1.0
1390.0,2.0
1391.0,2.0
1396.0,1.0
1399.0,1.0
1404.0,2.0
1408.0,2.0
1413.0,1.0
1422.0,1.0
1427.0,2.0
1428.0,2.0
1433.0,1.0
1438.0,1.0
1443.0,2.0
1445.0,2.0
1450.0,1.0
1455.0,1.0
1460.0,2.0
1461.0,2.0
1466.0,1.0
1471.0,1.0
1476.0,2.0
1477.0,2.0
1482.0,1.0
1487.0,1.0
1492.0,2.0
1494.0,2.0
1499.0,1.0
1500.0,1.0
1505.0,2.0
1510.0,2.0
1515.0,1.0
1536.0,1.0
1541.0,2.0
1547.0,2.0
1552.0,1.0
1556.0,1.0
1561.0,2.0
1566.0,2.0
1571.0,1.0
1575.0,1.0
1580.0,2.0
1585.0,2.0
1590.0,1.0
1595.0,1.0
1600.0,2.0
1607.0,2.0
1612.0,1.0
1613.0,1.0
1618.0,2.0
1619.0,2.0
1624.0,1.0
1629.0,1.0
1634.0,2.0
1639.0,2.0
1644.0,1.0
1648.0,1.0
1653.0,2.0
1660.0,2.0
1665.0,1.0
1666.0,1.0
1671.0,2.0
1675.0,2.0
1680.0,1.0
1685.0,1.0
1690.0,2.0
1691.0,2.0
1696.0,1.0
1701.0,1.0
1706.0,2.0
1710.0,2.0
1715.0,1.0
1722.0,1.0
1727.0,2.0
1728.0,2.0
1733.0,1.0
1739.0,1.0
1744.0,2.0
1745.0,2.0
1750.0,1.0
1761.0,1.0
1766.0,2.0
1767.0,2.0
1772.0,1.0
1776.0,1.0
1781.0,2.0
1784.0,2.0
1789.0,1.0
1790.0,1.0
1795.0,2.0
1796.0,2.0
1801.0,1.0
1808.0,1.0
1813.0,2.0
1814.0,2.0
1819.0,3.0
1820.0,3.0
1825.0,1.0
1826.0,1.0
1831.0,2.0
1832.0,2.0
1837.0,1.0
1842.0,1.0
1847.0,2.0
1848.0,2.0
1853.0,1.0
1854.0,1.0
1859.0,2.0
1860.0,2.0
1865.0,1.0
1866.0,1.0
1871.0,2.0
1872.0,2.0
1877.0,1.0
1878.0,1.0
1883.0,2.0
1884.0,2.0
1889.0,1.0
1890.0,1.0
1895.0,2.0
1899.0,2.0
1904.0,1.0
1905.0,1.0
1910.0,3.0
1911.0,3.0
1916.0,1.0
1917.0,1.0
1922.0,2.0
1923.0,2.0
1928.0,1.0
1933.0,1.0
1938.0,2.0
1939.0,2.0
1944.0,3.0
1945.0,3.0
1950.0,1.0
1951.0,1.0
1956.0,3.0
1957.0,3.0
1962.0,2.0
1963.0,2.0
1968.0,1.0
1987.0,1.0
1992.0,2.0
1997.0,2.0
2002.0,3.0
2007.0,3.0
2012.0,1.0
2018.0,1.0
2023.0,2.0
2024.0,2.0
2029.0,1.0
2041.0,1.0
2046.0,2.0
2052.0,2.0
2057.0,1.0
2063.0,1.0
2068.0,2.0
2074.0,2.0
2079.0,1.0
2080.0,1.0
2085.0,2.0
2086.0,2.0
2091.0,1.0
2092.0,1.0
2097.0,3.0
2098.0,3.0
2103.0,1.0
2108.0,1.0
2113.0,2.0
2118.0,2.0
2123.0,3.0
2124.0,3.0
2129.0,1.0
2132.0,1.0
2137.0,2.0
2138.0,2.0
2143.0,1.0
2150.0,1.0
2155.0,2.0
2160.0,2.0
2165.0,1.0
2166.0,1.0
2171.0,2.0
2172.0,2.0
2177.0,4.0
2178.0,4.0
2183.0,1.0
2188.0,1.0
2193.0,2.0
2194.0,2.0
2199.0,1.0
2210.0,1.0
2215.0,2.0
2216.0,2.0
2221.0,4.0
2222.0,4.0
2227.0,2.0
2232.0,2.0
2237.0,1.0
2245.0,1.0
2250.0,2.0
2251.0,2.0
2256.0,1.0
2257.0,1.0
2262.0,2.0
2263.0,2.0
2268.0,1.0
2273.0,1.0
2278.0,2.0
2283.0,2.0
2288.0,1.0
2289.0,1.0
2294.0,2.0
2300.0,2.0
2305.0,1.0
2310.0,1.0
2315.0,2.0
2316.0,2.0
2321.0,1.0
2327.0,1.0
2332.0,2.0
2333.0,2.0
2338.0,3.0
2339.0,3.0
2344.0,1.0
2350.0,1.0
2355.0,2.0
2356.0,2.0
2361.0,1.0
2362.0,1.0
2367.0,2.0
2368.0,2.0
2373.0,1.0
2378.0,1.0
2383.0,2.0
2388.0,2.0
2393.0,3.0
2394.0,3.0
2399.0,1.0
2403.0,1.0
2408.0,2.0
2409.0,2.0
2414.0,3.0
2415.0,3.0
2420.0,1.0
2429.0,1.0
2434.0,2.0
2435.0,2.0
2440.0,1.0
2452.0,1.0
2457.0,2.0
2458.0,2.0
2463.0,1.0
2472.0,1.0
2477.0,2.0
2478.0,2.0
2483.0,1.0
2488.0,1.0
2493.0,2.0
2494.0,2.0
2499.0,1.0
2506.0,1.0
2511.0,2.0
2512.0,2.0
2517.0,3.0
2518.0,3.0
2523.0,1.0
2528.0,1.0
2533.0,2.0
2534.0,2.0
2539.0,1.0
2545.0,1.0
2550.0,3.0
2551.0,3.0
2556.0,1.0
2564.0,1.0
2569.0,3.0
2570.0,3.0
2575.0,1.0
2596.0,1.0
2601.0,2.0
2605.0,2.0
2610.0,1.0
2615.0,1.0
2620.0,3.0
2621.0,3.0
2626.0,2.0
2627.0,2.0
2632.0,1.0
2637.0,1.0
2642.0,3.0
2643.0,3.0
2648.0,1.0
2656.0,1.0
2661.0,3.0
2662.0,3.0
2667.0,1.0
2674.0,1.0
2679.0,2.0
2680.0,2.0
2685.0,4.0
2686.0,4.0
2691.0,1.0
2696.0,1.0
2701.0,2.0
2702.0,2.0
2707.0,1.0
2714.0,1.0
2719.0,2.0
2720.0,2.0
2725.0,3.0
2726.0,3.0
2731.0,1.0
2736.0,1.0
2741.0,3.0
2742.0,3.0
2747.0,1.0
2749.0,1.0
2754.0,4.0
2755.0,4.0
2760.0,2.0
2761.0,2.0
2766.0,1.0
2771.0,1.0
2776.0,2.0
2777.0,2.0
2782.0,3.0
2783.0,3.0
2788.0,1.0
2799.0,1.0
2804.0,3.0
2805.0,3.0
2810.0,1.0
2811.0,1.0
2816.0,2.0
2817.0,2.0
2822.0,1.0
2826.0,1.0
2831.0,2.0
2832.0,2.0
2837.0,1.0
2846.0,1.0
2851.0,4.0
2852.0,4.0
2857.0,1.0
2861.0,1.0
2866.0,2.0
2867.0,2.0
2872.0,1.0
2878.0,1.0
2883.0,2.0
2884.0,2.0
2889.0,1.0
2895.0,1.0
2900.0,4.0
2901.0,4.0
2906.0,1.0
2911.0,1.0
2916.0,2.0
2917.0,2.0
2922.0,4.0
2923.0,4.0
2928.0,1.0
2929.0,1.0
2934.0,2.0
2935.0,2.0
2940.0,1.0
2946.0,1.0
2951.0,2.0
2952.0,2.0
2957.0,1.0
2964.0,1.0
2969.0,3.0
2970.0,3.0
2975.0,2.0
2976.0,2.0
2981.0,1.0
2982.0,1.0
2987.0,3.0
2988.0,3.0
2993.0,1.0
2994.0,1.0
2999.0,2.0
3000.0,2.0
3005.0,3.0
3006.0,3.0
3011.0,1.0
3016.0,1.0
3021.0,2.0
3024.0,2.0
3029.0,1.0
3030.0,1.0
3035.0,3.0
3036.0,3.0
3041.0,2.0
3042.0,2.0
3047.0,1.0
3053.0,1.0
3058.0,4.0
3059.0,4.0
3064.0,1.0
3065.0,1.0
3070.0,2.0
3072.0,2.0
3077.0,1.0
3086.0,1.0
3091.0,2.0
3093.0,2.0
3098.0,1.0
3104.0,1.0
3109.0,2.0
3112.0,2.0
3117.0,1.0
3120.0,1.0
3125.0,2.0
3126.0,2.0
3131.0,1.0
3137.0,1.0
3142.0,2.0
3147.0,2.0
3152.0,1.0
3159.0,1.0
3164.0,3.0
3165.0,3.0
3170.0,1.0
3172.0,1.0
3177.0,2.0
3178.0,2.0
3183.0,1.0
3191.0,1.0
3196.0,2.0
3197.0,2.0
3202.0,1.0
3207.0,1.0
3212.0,4.0
3213.0,4.0
3218.0,2.0
3219.0,2.0
3224.0,1.0
3231.0,1.0
3236.0,2.0
3237.0,2.0
3242.0,1.0
3244.0,1.0
3249.0,2.0
3250.0,2.0
3255.0,4.0
3256.0,4.0
3261.0,1.0
3266.0,1.0
3271.0,2.0
3272.0,2.0
3277.0,1.0
3282.0,1.0
3287.0,2.0
3288.0,2.0
3293.0,1.0
3294.0,1.0
3299.0,4.0
3300.0,4.0
3305.0,2.0
3306.0,2.0
3311.0,1.0
3316.0,1.0
3321.0,2.0
3322.0,2.0
3327.0,1.0
3336.0,1.0
3341.0,3.0
3342.0,3.0
3347.0,1.0
3353.0,1.0
3358.0,4.0
3359.0,4.0
3364.0,1.0
3365.0,1.0
3370.0,2.0
3371.0,2.0
3376.0,4.0
3377.0,4.0
3382.0,1.0
3387.0,1.0
3392.0,2.0
3393.0,2.0
3398.0,1.0
3405.0,1.0
3410.0,2.0
3416.0,2.0
3421.0,1.0
3427.0,1.0
3432.0,4.0
3433.0,4.0
3438.0,1.0
3439.0,1.0
3444.0,2.0
3445.0,2.0
3450.0,1.0
3456.0,1.0
3461.0,2.0
3462.0,2.0
3467.0,1.0
3475.0,1.0
3480.0,4.0
3481.0,4.0
3486.0,2.0
3487.0,2.0
3492.0,1.0
3493.0,1.0
3498.0,2.0
3499.0,2.0
3504.0,1.0
3511.0,1.0
3516.0,3.0
3517.0,3.0
3522.0,2.0
3523.0,2.0
3528.0,1.0
3530.0,1.0
3535.0,2.0
3536.0,2.0
3541.0,1.0
3548.0,1.0
3553.0,2.0
3557.0,2.0
3562.0,1.0
3567.0,1.0
3572.0,2.0
3573.0,2.0
3578.0,4.0
3579.0,4.0
3584.0,1.0
3593.0,1.0
3598.0,2.0
