0.0,1.0
34.0,1.0
39.0,2.0
42.0,2.0
47.0,1.0
59.0,1.0
64.0,2.0
65.0,2.0
70.0,1.0
82.0,1.0
87.0,2.0
88.0,2.0
93.0,1.0
99.0,1.0
104.0,2.0
105.0,2.0
110.0,1.0
116.0,1.0
121.0,2.0
122.0,2.0
127.0,1.0
133.0,1.0
138.0,2.0
143.0,2.0
148.0,1.0
149.0,1.0
154.0,2.0
160.0,2.0
165.0,1.0
170.0,1.0
175.0,2.0
176.0,2.0
181.0,1.0
187.0,1.0
192.0,2.0
195.0,2.0
200.0,1.0
203.0,1.0
208.0,2.0
209.0,2.0
214.0,1.0
220.0,1.0
225.0,2.0
226.0,2.0
231.0,1.0
235.0,1.0
240.0,2.0
246.0,2.0
251.0,1.0
255.0,1.0
260.0,2.0
261.0,2.0
266.0,1.0
272.0,1.0
277.0,2.0
282.0,2.0
287.0,1.0
293.0,1.0
298.0,2.0
299.0,2.0
304.0,1.0
310.0,1.0
315.0,2.0
316.0,2.0
321.0,1.0
323.0,1.0
328.0,2.0
334.0,2.0
339.0,1.0
345.0,1.0
350.0,2.0
352.0,2.0
357.0,1.0
360.0,1.0
365.0,2.0
371.0,2.0
376.0,1.0
382.0,1.0
387.0,2.0
389.0,2.0
394.0,1.0
395.0,1.0
400.0,2.0
407.0,2.0
412.0,1.0
419.0,1.0
424.0,2.0
430.0,2.0
435.0,1.0
437.0,1.0
442.0,2.0
443.0,2.0
448.0,1.0
456.0,1.0
461.0,2.0
467.0,2.0
472.0,1.0
478.0,1.0
483.0,2.0
484.0,2.0
489.0,1.0
495.0,1.0
500.0,2.0
505.0,2.0
510.0,1.0
514.0,1.0
519.0,2.0
525.0,2.0
530.0,1.0
536.0,1.0
541.0,2.0
542.0,2.0
547.0,1.0
551.0,1.0
556.0,2.0
562.0,2.0
567.0,1.0
573.0,1.0
578.0,2.0
579.0,2.0
584.0,3.0
585.0,3.0
590.0,1.0
592.0,1.0
597.0,2.0
598.0,2.0
603.0,1.0
607.0,1.0
612.0,2.0
617.0,2.0
622.0,1.0
628.0,1.0
633.0,2.0
636.0,2.0
641.0,1.0
645.0,1.0
650.0,2.0
652.0,2.0
657.0,1.0
665.0,1.0
670.0,2.0
675.0,2.0
680.0,1.0
682.0,1.0
687.0,2.0
689.0,2.0
694.0,1.0
701.0,1.0
706.0,2.0
713.0,2.0
718.0,1.0
723.0,1.0
728.0,2.0
734.0,2.0
739.0,1.0
743.0,1.0
748.0,2.0
752.0,2.0
757.0,1.0
762.0,1.0
767.0,2.0
773.0,2.0
778.0,1.0
782.0,1.0
787.0,2.0
791.0,2.0
796.0,1.0
801.0,1.0
806.0,2.0
807.0,2.0
812.0,3.0
813.0,3.0
818.0,1.0
821.0,1.0
826.0,2.0
827.0,2.0
832.0,1.0
838.0,1.0
843.0,2.0
848.0,2.0
853.0,1.0
860.0,1.0
865.0,2.0
866.0,2.0
871.0,1.0
875.0,1.0
880.0,2.0
886.0,2.0
891.0,1.0
897.0,1.0
902.0,2.0
906.0,2.0
911.0,1.0
912.0,1.0
917.0,2.0
923.0,2.0
928.0,1.0
934.0,1.0
939.0,2.0
943.0,2.0
948.0,1.0
949.0,1.0
954.0,2.0
961.0,2.0
966.0,1.0
971.0,1.0
976.0,2.0
981.0,2.0
986.0,1.0
987.0,1.0
992.0,2.0
998.0,2.0
1003.0,1.0
1009.0,1.0
1014.0,4.0
1015.0,4.0
1020.0,2.0
1021.0,2.0
1026.0,1.0
1027.0,1.0
1032.0,2.0
1038.0,2.0
1043.0,1.0
1048.0,1.0
1053.0,2.0
1057.0,2.0
1062.0,1.0
1066.0,1.0
1071.0,2.0
1077.0,2.0
1082.0,1.0
1083.0,1.0
1088.0,4.0
1089.0,4.0
1094.0,2.0
1095.0,2.0
1100.0,1.0
1103.0,1.0
1108.0,2.0
1109.0,2.0
1114.0,1.0
1115.0,1.0
1120.0,2.0
1124.0,2.0
1129.0,1.0
1136.0,1.0
1141.0,2.0
1146.0,2.0
1151.0,1.0
1154.0,1.0
1159.0,2.0
1161.0,2.0
1166.0,1.0
1172.0,1.0
1177.0,2.0
1178.0,2.0
1183.0,1.0
1185.0,1.0
1190.0,2.0
1198.0,2.0
1203.0,1.0
1209.0,1.0
1214.0,2.0
1216.0,2.0
1221.0,1.0
1222.0,1.0
1227.0,2.0
1235.0,2.0
1240.0,1.0
1245.0,1.0
1250.0,2.0
1255.0,2.0
1260.0,1.0
1261.0,1.0
1266.0,2.0
1272.0,2.0
1277.0,1.0
1284.0,1.0
1289.0,2.0
1293.0,2.0
1298.0,1.0
1299.0,1.0
1304.0,2.0
1308.0,2.0
1313.0,1.0
1321.0,1.0
1326.0,2.0
1332.0,2.0
1337.0,1.0
1338.0,1.0
1343.0,2.0
1347.0,2.0
1352.0,1.0
1359.0,1.0
1364.0,2.0
1369.0,2.0
1374.0,1.0
1379.0,1.0
1384.0,2.0
1389.0,2.0
1394.0,1.0
1396.0,1.0
1401.0,2.0
1402.0,2.0
1407.0,1.0
1408.0,1.0
1413.0,2.0
1414.0,2.0
1419.0,1.0
1420.0,1.0
1425.0,2.0
1426.0,2.0
1431.0,1.0
1438.0,1.0
1443.0,2.0
1449.0,2.0
1454.0,1.0
1461.0,1.0
1466.0,2.0
1471.0,2.0
1476.0,1.0
1478.0,1.0
1483.0,2.0
1488.0,2.0
1493.0,1.0
1498.0,1.0
1503.0,2.0
1504.0,2.0
1509.0,1.0
1513.0,1.0
1518.0,2.0
1526.0,2.0
1531.0,1.0
1535.0,1.0
1540.0,2.0
1543.0,2.0
1548.0,1.0
1549.0,1.0
1554.0,2.0
1560.0,2.0
1565.0,1.0
1573.0,1.0
1578.0,2.0
1583.0,2.0
1588.0,1.0
1593.0,1.0
1598.0,2.0
1602.0,2.0
1607.0,1.0
1613.0,1.0
1618.0,2.0
1621.0,2.0
1626.0,4.0
1627.0,4.0
1632.0,1.0
1633.0,1.0
1638.0,2.0
1652.0,2.0
1657.0,1.0
1662.0,1.0
1667.0,2.0
1672.0,2.0
1677.0,1.0
1681.0,1.0
1686.0,2.0
1691.0,2.0
1696.0,1.0
1701.0,1.0
1706.0,2.0
1714.0,2.0
1719.0,1.0
1720.0,1.0
1725.0,2.0
1728.0,2.0
1733.0,1.0
1735.0,1.0
1740.0,2.0
1746.0,2.0
1751.0,1.0
1752.0,1.0
1757.0,2.0
1762.0,2.0
1767.0,1.0
1776.0,1.0
1781.0,2.0
1783.0,2.0
1788.0,1.0
1790.0,1.0
1795.0,2.0
1796.0,2.0
1801.0,1.0
1810.0,1.0
1815.0,2.0
1818.0,2.0
1823.0,1.0
1829.0,1.0
1834.0,2.0
1840.0,2.0
1845.0,1.0
1851.0,1.0
1856.0,2.0
1862.0,2.0
1867.0,1.0
1868.0,1.0
1873.0,2.0
1878.0,2.0
1883.0,1.0
1894.0,1.0
1899.0,2.0
1905.0,2.0
1910.0,1.0
1911.0,1.0
1916.0,2.0
1922.0,2.0
1927.0,1.0
1932.0,1.0
1937.0,2.0
1938.0,2.0
1943.0,4.0
1944.0,4.0
1949.0,1.0
1950.0,1.0
1955.0,2.0
1960.0,2.0
1965.0,1.0
1970.0,1.0
1975.0,2.0
1982.0,2.0
1987.0,1.0
1988.0,1.0
1993.0,2.0
1994.0,2.0
1999.0,1.0
2007.0,1.0
2012.0,2.0
2018.0,2.0
2023.0,1.0
2024.0,1.0
2029.0,2.0
2030.0,2.0
2035.0,1.0
2044.0,1.0
2049.0,2.0
2055.0,2.0
2060.0,1.0
2061.0,1.0
2066.0,2.0
2067.0,2.0
2072.0,1.0
2077.0,1.0
2082.0,2.0
2083.0,2.0
2088.0,1.0
2089.0,1.0
2094.0,2.0
2100.0,2.0
2105.0,1.0
2111.0,1.0
2116.0,3.0
2117.0,3.0
2122.0,1.0
2124.0,1.0
2129.0,2.0
2135.0,2.0
2140.0,4.0
2141.0,4.0
2146.0,1.0
2147.0,1.0
2152.0,2.0
2156.0,2.0
2161.0,1.0
2167.0,1.0
2172.0,4.0
2173.0,4.0
2178.0,2.0
2182.0,2.0
2187.0,1.0
2188.0,1.0
2193.0,4.0
2194.0,4.0
2199.0,3.0
2200.0,3.0
2205.0,1.0
2211.0,1.0
2216.0,2.0
2221.0,2.0
2226.0,1.0
2230.0,1.0
2235.0,4.0
2236.0,4.0
2241.0,2.0
2242.0,2.0
2247.0,1.0
2249.0,1.0
2254.0,2.0
2255.0,2.0
2260.0,1.0
2264.0,1.0
2269.0,2.0
2270.0,2.0
2275.0,3.0
2276.0,3.0
2281.0,4.0
2282.0,4.0
2287.0,2.0
2288.0,2.0
2293.0,1.0
2299.0,1.0
2304.0,2.0
2305.0,2.0
2310.0,1.0
2311.0,1.0
2316.0,2.0
2317.0,2.0
2322.0,3.0
2323.0,3.0
2328.0,2.0
2329.0,2.0
2334.0,1.0
2340.0,1.0
2345.0,2.0
2350.0,2.0
2355.0,3.0
2356.0,3.0
2361.0,1.0
2362.0,1.0
2367.0,4.0
2368.0,4.0
2373.0,2.0
2374.0,2.0
2379.0,4.0
2380.0,4.0
2385.0,1.0
2386.0,1.0
2391.0,2.0
2395.0,2.0
2400.0,1.0
2401.0,1.0
2406.0,4.0
2410.0,4.0
2415.0,3.0
2416.0,3.0
2421.0,1.0
2422.0,1.0
2427.0,2.0
2434.0,2.0
2439.0,1.0
2445.0,1.0
2450.0,2.0
2452.0,2.0
2457.0,4.0
2458.0,4.0
2463.0,1.0
2464.0,1.0
2469.0,2.0
2475.0,2.0
2480.0,1.0
2481.0,1.0
2486.0,3.0
2487.0,3.0
2492.0,2.0
2493.0,2.0
2498.0,3.0
2499.0,3.0
2504.0,1.0
2510.0,1.0
2515.0,2.0
2516.0,2.0
2521.0,3.0
2522.0,3.0
2527.0,4.0
2528.0,4.0
2533.0,3.0
2534.0,3.0
2539.0,2.0
2540.0,2.0
2545.0,1.0
2552.0,1.0
2557.0,2.0
2563.0,2.0
2568.0,3.0
2573.0,3.0
2578.0,4.0
2579.0,4.0
2584.0,1.0
2589.0,1.0
2594.0,2.0
2598.0,2.0
2603.0,1.0
2604.0,1.0
2609.0,4.0
2610.0,4.0
2615.0,2.0
2619.0,2.0
2624.0,1.0
2625.0,1.0
2630.0,3.0
2631.0,3.0
2636.0,1.0
2639.0,1.0
2644.0,3.0
2645.0,3.0
2650.0,2.0
2654.0,2.0
2659.0,3.0
2660.0,3.0
2665.0,1.0
2672.0,1.0
2677.0,3.0
2678.0,3.0
2683.0,2.0
2689.0,2.0
2694.0,3.0
2695.0,3.0
2700.0,4.0
2701.0,4.0
2706.0,1.0
2707.0,1.0
2712.0,2.0
2718.0,2.0
2723.0,1.0
2725.0,1.0
2730.0,4.0
2731.0,4.0
2736.0,3.0
2737.0,3.0
2742.0,2.0
2748.0,2.0
2753.0,1.0
2754.0,1.0
2759.0,2.0
2760.0,2.0
2765.0,1.0
2766.0,1.0
2771.0,3.0
2772.0,3.0
2777.0,4.0
2778.0,4.0
2783.0,2.0
2787.0,2.0
2792.0,1.0
2798.0,1.0
2803.0,2.0
2805.0,2.0
2810.0,4.0
2811.0,4.0
2816.0,1.0
2817.0,1.0
2822.0,2.0
2828.0,2.0
2833.0,4.0
2834.0,4.0
2839.0,1.0
2844.0,1.0
2849.0,4.0
2850.0,4.0
2855.0,1.0
2856.0,1.0
2861.0,2.0
2867.0,2.0
2872.0,1.0
2873.0,1.0
2878.0,2.0
2879.0,2.0
2884.0,1.0
2889.0,1.0
2894.0,3.0
2895.0,3.0
2900.0,2.0
2901.0,2.0
2906.0,3.0
2907.0,3.0
2912.0,2.0
2913.0,2.0
2918.0,1.0
2923.0,1.0
2928.0,2.0
2933.0,2.0
2938.0,1.0
2940.0,1.0
2945.0,4.0
2946.0,4.0
2951.0,2.0
2956.0,2.0
2961.0,1.0
2966.0,1.0
2971.0,2.0
2972.0,2.0
2977.0,1.0
2978.0,1.0
2983.0,2.0
2989.0,2.0
2994.0,3.0
2995.0,3.0
3000.0,1.0
3001.0,1.0
3006.0,2.0
3007.0,2.0
3012.0,1.0
3016.0,1.0
3021.0,2.0
3027.0,2.0
3032.0,3.0
3033.0,3.0
3038.0,1.0
3039.0,1.0
3044.0,2.0
3045.0,2.0
3050.0,3.0
3051.0,3.0
3056.0,1.0
3057.0,1.0
3062.0,2.0
3068.0,2.0
3073.0,3.0
3074.0,3.0
3079.0,1.0
3081.0,1.0
3086.0,4.0
3087.0,4.0
3092.0,2.0
3093.0,2.0
3098.0,1.0
3099.0,1.0
3104.0,4.0
3105.0,4.0
3110.0,2.0
3115.0,2.0
3120.0,1.0
3124.0,1.0
3129.0,4.0
3130.0,4.0
3135.0,2.0
3136.0,2.0
3141.0,4.0
3142.0,4.0
3147.0,1.0
3148.0,1.0
3153.0,2.0
3159.0,2.0
3164.0,4.0
3165.0,4.0
3170.0,1.0
3171.0,1.0
3176.0,4.0
3177.0,4.0
3182.0,2.0
3183.0,2.0
3188.0,1.0
3192.0,1.0
3197.0,2.0
3204.0,2.0
3209.0,1.0
3210.0,1.0
3215.0,3.0
3216.0,3.0
3221.0,2.0
3222.0,2.0
3227.0,1.0
3233.0,1.0
3238.0,2.0
3244.0,2.0
3249.0,1.0
3253.0,1.0
3258.0,2.0
3264.0,2.0
3269.0,4.0
3270.0,4.0
3275.0,1.0
3276.0,1.0
3281.0,2.0
3285.0,2.0
3290.0,1.0
3293.0,1.0
3298.0,2.0
3302.0,2.0
3307.0,3.0
3308.0,3.0
3313.0,1.0
3317.0,1.0
3322.0,2.0
3325.0,2.0
3330.0,3.0
3331.0,3.0
3336.0,2.0
3343.0,2.0
3348.0,1.0
3354.0,1.0
3359.0,4.0
3360.0,4.0
3365.0,2.0
3366.0,2.0
3371.0,4.0
3372.0,4.0
3377.0,2.0
3384.0,2.0
3389.0,1.0
3393.0,1.0
3398.0,4.0
3400.0,4.0
3405.0,2.0
3406.0,2.0
3411.0,1.0
3415.0,1.0
3420.0,4.0
3421.0,4.0
3426.0,2.0
3434.0,2.0
3439.0,1.0
3440.0,1.0
3445.0,3.0
3446.0,3.0
3451.0,4.0
3452.0,4.0
3457.0,1.0
3461.0,1.0
3466.0,2.0
3474.0,2.0
3479.0,3.0
3480.0,3.0
3485.0,1.0
3491.0,1.0
3496.0,2.0
3497.0,2.0
3502.0,1.0
3503.0,1.0
3508.0,3.0
3509.0,3.0
3514.0,2.0
3519.0,2.0
3524.0,1.0
3530.0,1.0
3535.0,3.0
3536.0,3.0
3541.0,4.0
3542.0,4.0
3547.0,1.0
3548.0,1.0
3553.0,2.0
3559.0,2.0
3564.0,1.0
3565.0,1.0
3570.0,2.0
3571.0,2.0
3576.0,4.0
3577.0,4.0
3582.0,3.0
3583.0,3.0
3588.0,1.0
3589.0,1.0
3594.0,2.0
3598.0,2.0
