0.0,1.0
4.0,1.0
9.0,2.0
50.0,2.0
55.0,1.0
56.0,1.0
61.0,2.0
67.0,2.0
72.0,1.0
77.0,1.0
82.0,2.0
89.0,2.0
94.0,3.0
95.0,3.0
100.0,4.0
101.0,4.0
106.0,1.0
107.0,1.0
112.0,2.0
124.0,2.0
129.0,1.0
131.0,1.0
136.0,2.0
141.0,2.0
146.0,1.0
148.0,1.0
153.0,2.0
159.0,2.0
164.0,1.0
165.0,1.0
170.0,2.0
179.0,2.0
184.0,1.0
189.0,1.0
194.0,2.0
204.0,2.0
209.0,1.0
210.0,1.0
215.0,2.0
216.0,2.0
221.0,1.0
222.0,1.0
227.0,4.0
228.0,4.0
233.0,2.0
242.0,2.0
247.0,4.0
248.0,4.0
253.0,1.0
254.0,1.0
259.0,2.0
266.0,2.0
271.0,1.0
272.0,1.0
277.0,2.0
279.0,2.0
284.0,1.0
285.0,1.0
290.0,2.0
294.0,2.0
299.0,1.0
305.0,1.0
310.0,2.0
311.0,2.0
316.0,1.0
321.0,1.0
326.0,2.0
332.0,2.0
337.0,1.0
338.0,1.0
343.0,2.0
349.0,2.0
354.0,1.0
359.0,1.0
364.0,2.0
368.0,2.0
373.0,1.0
375.0,1.0
380.0,2.0
381.0,2.0
386.0,1.0
387.0,1.0
392.0,2.0
393.0,2.0
398.0,1.0
403.0,1.0
408.0,2.0
413.0,2.0
418.0,1.0
419.0,1.0
424.0,2.0
436.0,2.0
441.0,1.0
442.0,1.0
447.0,2.0
448.0,2.0
453.0,1.0
458.0,1.0
463.0,2.0
468.0,2.0
473.0,1.0
478.0,1.0
483.0,2.0
488.0,2.0
493.0,1.0
494.0,1.0
499.0,2.0
508.0,2.0
513.0,1.0
514.0,1.0
519.0,2.0
521.0,2.0
526.0,1.0
531.0,1.0
536.0,2.0
547.0,2.0
552.0,1.0
553.0,1.0
558.0,2.0
566.0,2.0
571.0,1.0
572.0,1.0
577.0,2.0
578.0,2.0
583.0,1.0
588.0,1.0
593.0,2.0
610.0,2.0
615.0,1.0
620.0,1.0
625.0,2.0
634.0,2.0
639.0,1.0
640.0,1.0
645.0,2.0
651.0,2.0
656.0,1.0
657.0,1.0
662.0,2.0
667.0,2.0
672.0,1.0
677.0,1.0
682.0,2.0
691.0,2.0
696.0,4.0
697.0,4.0
702.0,1.0
703.0,1.0
708.0,2.0
715.0,2.0
720.0,4.0
721.0,4.0
726.0,2.0
727.0,2.0
732.0,1.0
733.0,1.0
738.0,2.0
746.0,2.0
751.0,1.0
752.0,1.0
757.0,2.0
760.0,2.0
765.0,1.0
768.0,1.0
773.0,2.0
777.0,2.0
782.0,1.0
788.0,1.0
793.0,2.0
797.0,2.0
802.0,1.0
803.0,1.0
808.0,2.0
815.0,2.0
820.0,1.0
823.0,1.0
828.0,2.0
832.0,2.0
837.0,1.0
838.0,1.0
843.0,2.0
849.0,2.0
854.0,1.0
855.0,1.0
860.0,2.0
871.0,2.0
876.0,1.0
877.0,1.0
882.0,2.0
887.0,2.0
892.0,1.0
893.0,1.0
898.0,2.0
907.0,2.0
912.0,1.0
913.0,1.0
918.0,2.0
924.0,2.0
929.0,1.0
930.0,1.0
935.0,2.0
943.0,2.0
948.0,1.0
950.0,1.0
955.0,2.0
960.0,2.0
965.0,1.0
966.0,1.0
971.0,2.0
977.0,2.0
982.0,1.0
984.0,1.0
989.0,2.0
992.0,2.0
997.0,1.0
998.0,1.0
1003.0,2.0
1011.0,2.0
1016.0,1.0
1025.0,1.0
1030.0,2.0
1033.0,2.0
1038.0,1.0
1047.0,1.0
1052.0,2.0
1053.0,2.0
1058.0,1.0
1060.0,1.0
1065.0,2.0
1071.0,2.0
1076.0,1.0
1081.0,1.0
1086.0,2.0
1091.0,2.0
1096.0,1.0
1097.0,1.0
1102.0,2.0
1109.0,2.0
1114.0,1.0
1115.0,1.0
1120.0,4.0
1121.0,4.0
1126.0,2.0
1127.0,2.0
1132.0,1.0
1136.0,1.0
1141.0,2.0
1150.0,2.0
1155.0,4.0
1156.0,4.0
1161.0,1.0
1167.0,1.0
1172.0,2.0
1177.0,2.0
1182.0,1.0
1183.0,1.0
1188.0,2.0
1195.0,2.0
1200.0,1.0
1201.0,1.0
1206.0,2.0
1211.0,2.0
1216.0,4.0
1217.0,4.0
1222.0,2.0
1228.0,2.0
1233.0,1.0
1237.0,1.0
1242.0,2.0
1246.0,2.0
1251.0,1.0
1257.0,1.0
1262.0,2.0
1268.0,2.0
1273.0,4.0
1274.0,4.0
1279.0,1.0
1280.0,1.0
1285.0,2.0
1289.0,2.0
1294.0,1.0
1300.0,1.0
1305.0,4.0
1306.0,4.0
1311.0,2.0
1315.0,2.0
1320.0,1.0
1321.0,1.0
1326.0,2.0
1330.0,2.0
1335.0,1.0
1336.0,1.0
1341.0,4.0
1342.0,4.0
1347.0,1.0
1348.0,1.0
1353.0,2.0
1359.0,2.0
1364.0,1.0
1365.0,1.0
1370.0,2.0
1375.0,2.0
1380.0,4.0
1381.0,4.0
1386.0,1.0
1387.0,1.0
1392.0,2.0
1393.0,2.0
1398.0,1.0
1399.0,1.0
1404.0,2.0
1407.0,2.0
1412.0,1.0
1417.0,1.0
1422.0,2.0
1427.0,2.0
1432.0,1.0
1435.0,1.0
1440.0,2.0
1446.0,2.0
1451.0,1.0
1452.0,1.0
1457.0,2.0
1459.0,2.0
1464.0,1.0
1469.0,1.0
1474.0,2.0
1479.0,2.0
1484.0,1.0
1485.0,1.0
1490.0,4.0
1491.0,4.0
1496.0,2.0
1497.0,2.0
1502.0,1.0
1503.0,1.0
1508.0,2.0
1513.0,2.0
1518.0,1.0
1520.0,1.0
1525.0,2.0
1526.0,2.0
1531.0,1.0
1535.0,1.0
1540.0,2.0
1546.0,2.0
1551.0,1.0
1553.0,1.0
1558.0,2.0
1563.0,2.0
1568.0,1.0
1573.0,1.0
1578.0,2.0
1583.0,2.0
1588.0,1.0
1592.0,1.0
1597.0,2.0
1598.0,2.0
1603.0,1.0
1612.0,1.0
1617.0,2.0
1618.0,2.0
1623.0,1.0
1627.0,1.0
1632.0,2.0
1635.0,2.0
1640.0,1.0
1645.0,1.0
1650.0,2.0
1655.0,2.0
1660.0,1.0
1664.0,1.0
1669.0,2.0
1672.0,2.0
1677.0,1.0
1683.0,1.0
1688.0,2.0
1693.0,2.0
1698.0,1.0
1703.0,1.0
1708.0,2.0
1711.0,2.0
1716.0,1.0
1719.0,1.0
1724.0,2.0
1729.0,2.0
1734.0,1.0
1739.0,1.0
1744.0,2.0
1749.0,2.0
1754.0,1.0
1755.0,1.0
1760.0,2.0
1762.0,2.0
1767.0,1.0
1768.0,1.0
1773.0,2.0
1778.0,2.0
1783.0,1.0
1788.0,1.0
1793.0,2.0
1798.0,2.0
1803.0,1.0
1804.0,1.0
1809.0,4.0
1810.0,4.0
1815.0,1.0
1816.0,1.0
1821.0,2.0
1830.0,2.0
1835.0,1.0
1840.0,1.0
1845.0,2.0
1846.0,2.0
1851.0,1.0
1852.0,1.0
1857.0,4.0
1858.0,4.0
1863.0,2.0
1868.0,2.0
1873.0,1.0
1876.0,1.0
1881.0,2.0
1882.0,2.0
1887.0,1.0
1892.0,1.0
1897.0,2.0
1902.0,2.0
1907.0,1.0
1908.0,1.0
1913.0,2.0
1918.0,2.0
1923.0,1.0
1928.0,1.0
1933.0,2.0
1937.0,2.0
1942.0,1.0
1943.0,1.0
1948.0,4.0
1949.0,4.0
1954.0,2.0
1955.0,2.0
1960.0,1.0
1961.0,1.0
1966.0,2.0
1971.0,2.0
1976.0,1.0
1977.0,1.0
1982.0,2.0
1988.0,2.0
1993.0,1.0
1997.0,1.0
2002.0,2.0
2007.0,2.0
2012.0,1.0
2013.0,1.0
2018.0,2.0
2026.0,2.0
2031.0,1.0
2033.0,1.0
2038.0,2.0
2043.0,2.0
2048.0,1.0
2052.0,1.0
2057.0,2.0
2064.0,2.0
2069.0,1.0
2070.0,1.0
2075.0,2.0
2084.0,2.0
2089.0,1.0
2091.0,1.0
2096.0,2.0
2110.0,2.0
2115.0,1.0
2120.0,1.0
2125.0,2.0
2126.0,2.0
2131.0,4.0
2132.0,4.0
2137.0,2.0
2148.0,2.0
2153.0,1.0
2156.0,1.0
2161.0,2.0
2162.0,2.0
2167.0,1.0
2168.0,1.0
2173.0,2.0
2174.0,2.0
2179.0,1.0
2180.0,1.0
2185.0,2.0
2186.0,2.0
2191.0,1.0
2192.0,1.0
2197.0,2.0
2201.0,2.0
2206.0,1.0
2211.0,1.0
2216.0,2.0
2220.0,2.0
2225.0,1.0
2228.0,1.0
2233.0,2.0
2237.0,2.0
2242.0,1.0
2247.0,1.0
2252.0,2.0
2257.0,2.0
2262.0,1.0
2263.0,1.0
2268.0,2.0
2272.0,2.0
2277.0,1.0
2281.0,1.0
2286.0,2.0
2287.0,2.0
2292.0,4.0
2293.0,4.0
2298.0,1.0
2299.0,1.0
2304.0,2.0
2306.0,2.0
2311.0,1.0
2313.0,1.0
2318.0,2.0
2319.0,2.0
2324.0,1.0
2332.0,1.0
2337.0,2.0
2341.0,2.0
2346.0,1.0
2351.0,1.0
2356.0,2.0
2363.0,2.0
2368.0,1.0
2369.0,1.0
2374.0,2.0
2382.0,2.0
2387.0,1.0
2388.0,1.0
2393.0,2.0
2396.0,2.0
2401.0,1.0
2408.0,1.0
2413.0,2.0
2415.0,2.0
2420.0,1.0
2425.0,1.0
2430.0,2.0
2435.0,2.0
2440.0,1.0
2444.0,1.0
2449.0,4.0
2454.0,4.0
2459.0,2.0
2466.0,2.0
2471.0,3.0
2472.0,3.0
2477.0,4.0
2478.0,4.0
2483.0,2.0
2484.0,2.0
2489.0,1.0
2490.0,1.0
2495.0,4.0
2496.0,4.0
2501.0,2.0
2506.0,2.0
2511.0,4.0
2512.0,4.0
2517.0,2.0
2519.0,2.0
2524.0,1.0
2529.0,1.0
2534.0,2.0
2540.0,2.0
2545.0,1.0
2546.0,1.0
2551.0,2.0
2556.0,2.0
2561.0,1.0
2567.0,1.0
2572.0,2.0
2576.0,2.0
2581.0,4.0
2582.0,4.0
2587.0,2.0
2588.0,2.0
2593.0,1.0
2594.0,1.0
2599.0,2.0
2610.0,2.0
2615.0,1.0
2616.0,1.0
2621.0,2.0
2628.0,2.0
2633.0,1.0
2634.0,1.0
2639.0,3.0
2640.0,3.0
2645.0,2.0
2650.0,2.0
2655.0,1.0
2656.0,1.0
2661.0,2.0
2668.0,2.0
2673.0,1.0
2674.0,1.0
2679.0,4.0
2680.0,4.0
2685.0,2.0
2696.0,2.0
2701.0,3.0
2702.0,3.0
2707.0,2.0
2708.0,2.0
2713.0,1.0
2714.0,1.0
2719.0,2.0
2724.0,2.0
2729.0,1.0
2735.0,1.0
2740.0,2.0
2745.0,2.0
2750.0,1.0
2755.0,1.0
2760.0,2.0
2781.0,2.0
2786.0,1.0
2787.0,1.0
2792.0,2.0
2797.0,2.0
2802.0,1.0
2806.0,1.0
2811.0,2.0
2816.0,2.0
2821.0,1.0
2822.0,1.0
2827.0,2.0
2837.0,2.0
2842.0,1.0
2843.0,1.0
2848.0,2.0
2853.0,2.0
2858.0,3.0
2859.0,3.0
2864.0,1.0
2865.0,1.0
2870.0,2.0
2877.0,2.0
2882.0,1.0
2883.0,1.0
2888.0,2.0
2893.0,2.0
2898.0,4.0
2899.0,4.0
2904.0,2.0
2917.0,2.0
2922.0,3.0
2923.0,3.0
2928.0,2.0
2943.0,2.0
2948.0,1.0
2949.0,1.0
2954.0,2.0
2959.0,2.0
2964.0,1.0
2965.0,1.0
2970.0,2.0
2971.0,2.0
2976.0,1.0
2981.0,1.0
2986.0,2.0
2995.0,2.0
3000.0,4.0
3001.0,4.0
3006.0,1.0
3007.0,1.0
3012.0,2.0
3021.0,2.0
3026.0,1.0
3031.0,1.0
3036.0,2.0
3038.0,2.0
3043.0,1.0
3047.0,1.0
3052.0,2.0
3060.0,2.0
3065.0,1.0
3066.0,1.0
3071.0,4.0
3072.0,4.0
3077.0,1.0
3083.0,1.0
3088.0,2.0
3107.0,2.0
3112.0,1.0
3118.0,1.0
3123.0,2.0
3125.0,2.0
3130.0,4.0
3131.0,4.0
3136.0,2.0
3137.0,2.0
3142.0,1.0
3144.0,1.0
3149.0,2.0
3154.0,2.0
3159.0,1.0
3160.0,1.0
3165.0,2.0
3177.0,2.0
3182.0,1.0
3183.0,1.0
3188.0,2.0
3189.0,2.0
3194.0,1.0
3199.0,1.0
3204.0,2.0
3210.0,2.0
3215.0,1.0
3216.0,1.0
3221.0,4.0
3222.0,4.0
3227.0,2.0
3232.0,2.0
3237.0,1.0
3238.0,1.0
3243.0,2.0
3245.0,2.0
3250.0,4.0
3251.0,4.0
3256.0,1.0
3257.0,1.0
3262.0,2.0
3268.0,2.0
3273.0,1.0
3278.0,1.0
3283.0,2.0
3289.0,2.0
3294.0,1.0
3295.0,1.0
3300.0,2.0
3311.0,2.0
3316.0,1.0
3317.0,1.0
3322.0,2.0
3327.0,2.0
3332.0,4.0
3333.0,4.0
3338.0,2.0
3344.0,2.0
3349.0,4.0
3350.0,4.0
3355.0,1.0
3356.0,1.0
3361.0,2.0
3366.0,2.0
3371.0,1.0
3372.0,1.0
3377.0,2.0
3384.0,2.0
3389.0,4.0
3390.0,4.0
3395.0,1.0
3404.0,1.0
3409.0,2.0
3415.0,2.0
3420.0,1.0
3421.0,1.0
3426.0,2.0
3437.0,2.0
3442.0,1.0
3443.0,1.0
3448.0,2.0
3450.0,2.0
3455.0,1.0
3456.0,1.0
3461.0,2.0
3467.0,2.0
3472.0,1.0
3473.0,1.0
3478.0,2.0
3485.0,2.0
3490.0,1.0
3495.0,1.0
3500.0,2.0
3503.0,2.0
3508.0,1.0
3510.0,1.0
3515.0,2.0
3522.0,2.0
3527.0,1.0
3528.0,1.0
3533.0,2.0
3538.0,2.0
3543.0,1.0
3548.0,1.0
3553.0,2.0
3557.0,2.0
3562.0,1.0
3564.0,1.0
3569.0,2.0
3576.0,2.0
3581.0,1.0
3584.0,1.0
3589.0,2.0
3594.0,2.0
3599.0,3.0
