0.0,1.0
4.0,1.0
9.0,2.0
51.0,2.0
56.0,1.0
62.0,1.0
67.0,2.0
75.0,2.0
80.0,1.0
81.0,1.0
86.0,2.0
94.0,2.0
99.0,1.0
100.0,1.0
105.0,2.0
113.0,2.0
118.0,1.0
120.0,1.0
125.0,2.0
131.0,2.0
136.0,1.0
137.0,1.0
142.0,2.0
143.0,2.0
148.0,1.0
152.0,1.0
157.0,2.0
172.0,2.0
177.0,3.0
178.0,3.0
183.0,2.0
185.0,2.0
190.0,1.0
191.0,1.0
196.0,2.0
207.0,2.0
212.0,1.0
218.0,1.0
223.0,2.0
224.0,2.0
229.0,1.0
230.0,1.0
235.0,2.0
242.0,2.0
247.0,1.0
252.0,1.0
257.0,2.0
263.0,2.0
268.0,1.0
269.0,1.0
274.0,4.0
275.0,4.0
280.0,2.0
284.0,2.0
289.0,1.0
291.0,1.0
296.0,2.0
302.0,2.0
307.0,1.0
312.0,1.0
317.0,2.0
323.0,2.0
328.0,1.0
329.0,1.0
334.0,2.0
338.0,2.0
343.0,1.0
349.0,1.0
354.0,2.0
361.0,2.0
366.0,3.0
367.0,3.0
372.0,1.0
373.0,1.0
378.0,2.0
379.0,2.0
384.0,1.0
390.0,1.0
395.0,2.0
401.0,2.0
406.0,1.0
407.0,1.0
412.0,2.0
418.0,2.0
423.0,1.0
427.0,1.0
432.0,2.0
442.0,2.0
447.0,1.0
452.0,1.0
457.0,4.0
458.0,4.0
463.0,2.0
471.0,2.0
476.0,1.0
477.0,1.0
482.0,2.0
483.0,2.0
488.0,4.0
489.0,4.0
494.0,2.0
506.0,2.0
511.0,1.0
514.0,1.0
519.0,2.0
521.0,2.0
526.0,1.0
527.0,1.0
532.0,2.0
540.0,2.0
545.0,1.0
549.0,1.0
554.0,2.0
557.0,2.0
562.0,1.0
564.0,1.0
569.0,2.0
575.0,2.0
580.0,1.0
584.0,1.0
589.0,2.0
595.0,2.0
600.0,1.0
601.0,1.0
606.0,2.0
612.0,2.0
617.0,1.0
618.0,1.0
623.0,2.0
631.0,2.0
636.0,1.0
640.0,1.0
645.0,2.0
650.0,2.0
655.0,1.0
657.0,1.0
662.0,2.0
663.0,2.0
668.0,1.0
669.0,1.0
674.0,2.0
675.0,2.0
680.0,1.0
681.0,1.0
686.0,2.0
687.0,2.0
692.0,1.0
694.0,1.0
699.0,2.0
700.0,2.0
705.0,4.0
706.0,4.0
711.0,1.0
712.0,1.0
717.0,2.0
723.0,2.0
728.0,4.0
729.0,4.0
734.0,1.0
735.0,1.0
740.0,4.0
741.0,4.0
746.0,2.0
748.0,2.0
753.0,1.0
754.0,1.0
759.0,2.0
765.0,2.0
770.0,4.0
771.0,4.0
776.0,1.0
780.0,1.0
785.0,2.0
792.0,2.0
797.0,4.0
798.0,4.0
803.0,1.0
804.0,1.0
809.0,2.0
815.0,2.0
820.0,1.0
821.0,1.0
826.0,2.0
832.0,2.0
837.0,4.0
838.0,4.0
843.0,1.0
844.0,1.0
849.0,2.0
854.0,2.0
859.0,4.0
860.0,4.0
865.0,2.0
866.0,2.0
871.0,1.0
872.0,1.0
877.0,4.0
878.0,4.0
883.0,1.0
884.0,1.0
889.0,2.0
896.0,2.0
901.0,4.0
902.0,4.0
907.0,1.0
913.0,1.0
918.0,2.0
919.0,2.0
924.0,4.0
925.0,4.0
930.0,2.0
937.0,2.0
942.0,1.0
947.0,1.0
952.0,2.0
956.0,2.0
961.0,4.0
964.0,4.0
969.0,1.0
970.0,1.0
975.0,2.0
982.0,2.0
987.0,4.0
988.0,4.0
993.0,2.0
994.0,2.0
999.0,1.0
1000.0,1.0
1005.0,4.0
1006.0,4.0
1011.0,2.0
1018.0,2.0
1023.0,1.0
1026.0,1.0
1031.0,2.0
1033.0,2.0
1038.0,1.0
1040.0,1.0
1045.0,2.0
1050.0,2.0
1055.0,1.0
1059.0,1.0
1064.0,2.0
1070.0,2.0
1075.0,4.0
1076.0,4.0
1081.0,1.0
1082.0,1.0
1087.0,2.0
1088.0,2.0
1093.0,1.0
1094.0,1.0
1099.0,2.0
1107.0,2.0
1112.0,1.0
1116.0,1.0
1121.0,2.0
1127.0,2.0
1132.0,4.0
1133.0,4.0
1138.0,2.0
1144.0,2.0
1149.0,1.0
1150.0,1.0
1155.0,2.0
1161.0,2.0
1166.0,1.0
1170.0,1.0
1175.0,2.0
1184.0,2.0
1189.0,1.0
1190.0,1.0
1195.0,2.0
1196.0,2.0
1201.0,1.0
1202.0,1.0
1207.0,4.0
1208.0,4.0
1213.0,2.0
1223.0,2.0
1228.0,1.0
1229.0,1.0
1234.0,2.0
1235.0,2.0
1240.0,1.0
1241.0,1.0
1246.0,2.0
1254.0,2.0
1259.0,1.0
1260.0,1.0
1265.0,2.0
1271.0,2.0
1276.0,4.0
1277.0,4.0
1282.0,1.0
1283.0,1.0
1288.0,2.0
1303.0,2.0
1308.0,1.0
1313.0,1.0
1318.0,2.0
1319.0,2.0
1324.0,4.0
1325.0,4.0
1330.0,2.0
1341.0,2.0
1346.0,1.0
1347.0,1.0
1352.0,4.0
1353.0,4.0
1358.0,2.0
1370.0,2.0
1375.0,1.0
1376.0,1.0
1381.0,2.0
1387.0,2.0
1392.0,1.0
1393.0,1.0
1398.0,2.0
1409.0,2.0
1414.0,1.0
1415.0,1.0
1420.0,2.0
1427.0,2.0
1432.0,4.0
1433.0,4.0
1438.0,2.0
1447.0,2.0
1452.0,1.0
1454.0,1.0
1459.0,2.0
1465.0,2.0
1470.0,1.0
1475.0,1.0
1480.0,2.0
1487.0,2.0
1492.0,4.0
1493.0,4.0
1498.0,2.0
1504.0,2.0
1509.0,4.0
1510.0,4.0
1515.0,2.0
1523.0,2.0
1528.0,3.0
1529.0,3.0
1534.0,4.0
1535.0,4.0
1540.0,2.0
1563.0,2.0
1568.0,1.0
1569.0,1.0
1574.0,4.0
1575.0,4.0
1580.0,2.0
1587.0,2.0
1592.0,1.0
1595.0,1.0
1600.0,2.0
1604.0,2.0
1609.0,4.0
1610.0,4.0
1615.0,1.0
1616.0,1.0
1621.0,2.0
1629.0,2.0
1634.0,1.0
1635.0,1.0
1640.0,2.0
1646.0,2.0
1651.0,1.0
1652.0,1.0
1657.0,4.0
1658.0,4.0
1663.0,2.0
1669.0,2.0
1674.0,1.0
1675.0,1.0
1680.0,2.0
1686.0,2.0
1691.0,4.0
1692.0,4.0
1697.0,1.0
1698.0,1.0
1703.0,2.0
1718.0,2.0
1723.0,1.0
1725.0,1.0
1730.0,4.0
1731.0,4.0
1736.0,1.0
1737.0,1.0
1742.0,2.0
1752.0,2.0
1757.0,1.0
1760.0,1.0
1765.0,2.0
1767.0,2.0
1772.0,1.0
1773.0,1.0
1778.0,2.0
1786.0,2.0
1791.0,1.0
1797.0,1.0
1802.0,2.0
1809.0,2.0
1814.0,1.0
1815.0,1.0
1820.0,2.0
1828.0,2.0
1833.0,1.0
1836.0,1.0
1841.0,2.0
1847.0,2.0
1852.0,1.0
1853.0,1.0
1858.0,2.0
1862.0,2.0
1867.0,4.0
1868.0,4.0
1873.0,1.0
1874.0,1.0
1879.0,2.0
1886.0,2.0
1891.0,4.0
1892.0,4.0
1897.0,1.0
1898.0,1.0
1903.0,2.0
1908.0,2.0
1913.0,4.0
1914.0,4.0
1919.0,1.0
1920.0,1.0
1925.0,2.0
1931.0,2.0
1936.0,1.0
1937.0,1.0
1942.0,2.0
1954.0,2.0
1959.0,1.0
1962.0,1.0
1967.0,2.0
1969.0,2.0
1974.0,1.0
1976.0,1.0
1981.0,2.0
1988.0,2.0
1993.0,1.0
2001.0,1.0
2006.0,2.0
2007.0,2.0
2012.0,1.0
2013.0,1.0
2018.0,4.0
2019.0,4.0
2024.0,2.0
2029.0,2.0
2034.0,1.0
2040.0,1.0
2045.0,2.0
2046.0,2.0
2051.0,1.0
2052.0,1.0
2057.0,2.0
2064.0,2.0
2069.0,4.0
2070.0,4.0
2075.0,1.0
2077.0,1.0
2082.0,2.0
2087.0,2.0
2092.0,1.0
2094.0,1.0
2099.0,2.0
2106.0,2.0
2111.0,1.0
2114.0,1.0
2119.0,2.0
2127.0,2.0
2132.0,1.0
2133.0,1.0
2138.0,2.0
2145.0,2.0
2150.0,1.0
2151.0,1.0
2156.0,2.0
2164.0,2.0
2169.0,4.0
2170.0,4.0
2175.0,2.0
2182.0,2.0
2187.0,1.0
2190.0,1.0
2195.0,2.0
2199.0,2.0
2204.0,1.0
2205.0,1.0
2210.0,4.0
2211.0,4.0
2216.0,2.0
2224.0,2.0
2229.0,1.0
2230.0,1.0
2235.0,2.0
2241.0,2.0
2246.0,1.0
2250.0,1.0
2255.0,2.0
2263.0,2.0
2268.0,1.0
2269.0,1.0
2274.0,2.0
2281.0,2.0
2286.0,4.0
2289.0,4.0
2294.0,2.0
2302.0,2.0
2307.0,4.0
2308.0,4.0
2313.0,1.0
2314.0,1.0
2319.0,2.0
2334.0,2.0
2339.0,4.0
2343.0,4.0
2348.0,2.0
2349.0,2.0
2354.0,4.0
2356.0,4.0
2361.0,2.0
2368.0,2.0
2373.0,4.0
2375.0,4.0
2380.0,2.0
2385.0,2.0
2390.0,4.0
2395.0,4.0
2400.0,2.0
2406.0,2.0
2411.0,4.0
2412.0,4.0
2417.0,2.0
2423.0,2.0
2428.0,1.0
2429.0,1.0
2434.0,2.0
2438.0,2.0
2443.0,4.0
2444.0,4.0
2449.0,1.0
2450.0,1.0
2455.0,2.0
2461.0,2.0
2466.0,4.0
2467.0,4.0
2472.0,2.0
2481.0,2.0
2486.0,1.0
2490.0,1.0
2495.0,2.0
2501.0,2.0
2506.0,3.0
2507.0,3.0
2512.0,2.0
2520.0,2.0
2525.0,1.0
2533.0,1.0
2538.0,2.0
2542.0,2.0
2547.0,1.0
2548.0,1.0
2553.0,2.0
2559.0,2.0
2564.0,4.0
2565.0,4.0
2570.0,1.0
2571.0,1.0
2576.0,2.0
2583.0,2.0
2588.0,1.0
2589.0,1.0
2594.0,2.0
2597.0,2.0
2602.0,1.0
2603.0,1.0
2608.0,2.0
2616.0,2.0
2621.0,4.0
2622.0,4.0
2627.0,1.0
2628.0,1.0
2633.0,2.0
2641.0,2.0
2646.0,4.0
2647.0,4.0
2652.0,1.0
2653.0,1.0
2658.0,2.0
2663.0,2.0
2668.0,4.0
2669.0,4.0
2674.0,2.0
2680.0,2.0
2685.0,4.0
2686.0,4.0
2691.0,1.0
2692.0,1.0
2697.0,2.0
2704.0,2.0
2709.0,1.0
2710.0,1.0
2715.0,2.0
2720.0,2.0
2725.0,4.0
2726.0,4.0
2731.0,1.0
2732.0,1.0
2737.0,2.0
2745.0,2.0
2750.0,1.0
2751.0,1.0
2756.0,2.0
2763.0,2.0
2768.0,4.0
2771.0,4.0
2776.0,2.0
2786.0,2.0
2791.0,4.0
2792.0,4.0
2797.0,2.0
2801.0,2.0
2806.0,4.0
2808.0,4.0
2813.0,2.0
2826.0,2.0
2831.0,4.0
2832.0,4.0
2837.0,2.0
2843.0,2.0
2848.0,4.0
2849.0,4.0
2854.0,2.0
2864.0,2.0
2869.0,4.0
2871.0,4.0
2876.0,2.0
2881.0,2.0
2886.0,4.0
2888.0,4.0
2893.0,2.0
2904.0,2.0
2909.0,4.0
2920.0,4.0
2925.0,2.0
2933.0,2.0
2938.0,4.0
2939.0,4.0
2944.0,2.0
2949.0,2.0
2954.0,4.0
2959.0,4.0
2964.0,2.0
2975.0,2.0
2980.0,4.0
2982.0,4.0
2987.0,2.0
2988.0,2.0
2993.0,4.0
2996.0,4.0
3001.0,2.0
3007.0,2.0
3012.0,4.0
3013.0,4.0
3018.0,2.0
3019.0,2.0
3024.0,4.0
3025.0,4.0
3030.0,2.0
3038.0,2.0
3043.0,4.0
3045.0,4.0
3050.0,2.0
3055.0,2.0
3060.0,4.0
3064.0,4.0
3069.0,2.0
3077.0,2.0
3082.0,4.0
3083.0,4.0
3088.0,2.0
3093.0,2.0
3098.0,4.0
3103.0,4.0
3108.0,2.0
3116.0,2.0
3121.0,4.0
3122.0,4.0
3127.0,2.0
3133.0,2.0
3138.0,4.0
3140.0,4.0
3145.0,2.0
3158.0,2.0
3163.0,4.0
3164.0,4.0
3169.0,2.0
3193.0,2.0
3198.0,4.0
3201.0,4.0
3206.0,2.0
3213.0,2.0
3218.0,4.0
3220.0,4.0
3225.0,2.0
3232.0,2.0
3237.0,4.0
3238.0,4.0
3243.0,2.0
3249.0,2.0
3254.0,4.0
3257.0,4.0
3262.0,2.0
3268.0,2.0
3273.0,4.0
3275.0,4.0
3280.0,2.0
3286.0,2.0
3291.0,4.0
3296.0,4.0
3301.0,2.0
3302.0,2.0
3307.0,4.0
3312.0,4.0
3317.0,2.0
3322.0,2.0
3327.0,4.0
3333.0,4.0
3338.0,2.0
3339.0,2.0
3344.0,4.0
3348.0,4.0
3353.0,2.0
3363.0,2.0
3368.0,4.0
3385.0,4.0
3390.0,2.0
3397.0,2.0
3402.0,4.0
3413.0,4.0
3418.0,2.0
3420.0,2.0
3425.0,4.0
3426.0,4.0
3431.0,2.0
3439.0,2.0
3444.0,4.0
3445.0,4.0
3450.0,2.0
3458.0,2.0
3463.0,4.0
3464.0,4.0
3469.0,2.0
3477.0,2.0
3482.0,4.0
3484.0,4.0
3489.0,2.0
3498.0,2.0
3503.0,4.0
3504.0,4.0
3509.0,2.0
3527.0,2.0
3532.0,4.0
3543.0,4.0
3548.0,2.0
3560.0,2.0
3565.0,4.0
3582.0,4.0
3587.0,2.0
3597.0,2.0
