526
1214 1800 109
28
599 613 631 706 484 470 471 475 495 502 503 509 525 531 544 356 352 348 242 230 210 200 190 185 191 203 869 875
141 1800 308
44
613 631 706 484 470 471 475 495 502 503 509 525 531 544 356 352 348 242 230 210 200 190 185 191 203 869 875 883 1016 1010 1011 976 392 370 360 361 373 344 342 96 78 64 67 89
756 1800 194
12
608 606 603 621 645 716 711 488 491 497 515 699
1295 1800 93
45
624 608 606 603 621 634 631 706 484 470 471 475 495 502 503 509 525 531 544 356 352 348 242 230 210 200 190 185 191 203 869 875 883 1016 894 888 696 688 682 683 272 258 252 42 43
1094 1800 131
33
470 471 475 495 502 503 509 525 531 544 356 352 348 242 230 210 200 190 185 191 203 869 875 883 1016 894 888 696 688 682 683 272 273
1476 1800 60
52
603 621 634 631 706 484 470 471 475 495 502 503 509 525 531 544 356 352 348 242 230 210 200 190 185 191 203 869 875 883 1016 1010 1011 976 392 370 365 381 401 340 266 261 62 30 14 11 31 51 174 154 148 145
912 1800 165
24
606 603 621 634 631 706 484 470 471 475 495 502 503 509 525 531 544 356 352 348 242 230 210 200
1260 1800 100
4
619 643 677 792
1455 1800 64
13
616 602 603 621 634 631 706 484 470 471 475 495 507
461 1800 249
44
634 631 706 484 470 471 475 495 502 503 509 525 531 544 356 352 348 242 230 210 200 190 185 191 203 869 875 883 1016 894 888 696 688 682 683 272 258 252 42 43 126 118 115 121
460 1800 249
6
655 667 628 616 602 596
192 1800 299
48
663 667 628 616 602 603 621 634 631 706 484 470 471 475 495 502 503 509 525 531 544 356 352 348 242 230 210 200 190 185 191 203 869 875 883 1016 1010 1011 976 392 370 365 381 401 340 266 261 62
294 1800 280
22
667 628 616 602 603 621 634 631 706 484 470 471 475 495 502 503 509 525 531 544 356 352
836 1800 179
6
705 632 633 622 604 601
1268 1800 98
14
706 484 470 471 475 495 502 503 509 525 531 547 354 318
641 1800 215
51
1017 630 616 602 603 621 634 631 706 484 470 471 475 495 502 503 509 525 531 544 356 352 348 242 230 210 200 190 185 191 203 869 875 883 1016 1010 1011 976 392 370 360 361 373 344 342 96 78 64 67 87 99
1107 1800 128
45
630 616 602 603 621 634 631 706 484 470 471 475 495 502 503 509 525 531 544 356 352 348 242 230 210 200 190 185 191 203 869 875 883 1016 894 888 696 688 682 683 272 258 252 42 18
1080 1800 133
33
628 616 602 603 621 634 631 706 484 470 471 475 495 502 503 509 525 531 544 356 352 348 242 230 210 200 190 185 191 203 869 875 882
573 1800 228
24
1022 628 616 602 603 621 634 631 706 484 470 471 475 495 502 503 509 525 531 544 356 352 248 228
330 1800 273
19
602 603 621 634 631 706 484 470 471 475 495 502 503 509 525 531 547 354 318
389 1800 262
22
618 602 603 621 634 631 706 484 470 471 475 495 507 523 535 551 557 322 296 282 285 238
835 1800 179
14
711 488 491 497 513 517 539 553 565 913 917 762 746 734
216 1800 294
3
717 724 725
1580 1800 40
13
488 474 471 475 495 502 503 509 525 531 547 354 318
252 1800 287
17
721 720 488 474 471 475 495 507 523 535 551 557 322 296 282 285 238
1140 1800 122
5
724 721 775 779 787
731 1800 198
5
784 779 787 702 703
692 1800 206
8
620 621 634 631 706 484 470 471
1539 1800 48
15
640 643 677 792 789 805 813 835 990 985 952 938 920 912 566
1497 1800 56
16
677 792 789 805 813 835 990 985 952 938 920 912 913 570 571 573
1541 1800 48
5
775 783 801 666 656
204 1800 296
7
490 474 471 475 495 507 523
610 1800 221
7
781 795 790 791 819 857 672
175 1800 302
3
785 814 815
1552 1800 46
41
792 726 721 720 488 474 471 475 495 502 503 509 525 531 544 356 352 348 242 230 210 200 190 185 191 203 869 875 883 1016 894 888 696 688 682 683 272 258 252 42 18
1400 1800 74
36
835 990 985 952 938 920 912 913 570 571 573 304 288 291 313 328 325 418 412 415 429 449 591 877 883 1016 894 888 696 688 682 683 272 258 259 256
238 1800 290
5
788 780 783 801 666
155 1800 306
10
642 620 621 634 631 706 484 470 471 475
216 1800 294
7
675 824 812 807 818 815 837
398 1800 260
25
726 721 720 488 474 471 475 495 502 503 509 525 531 544 356 352 348 242 230 210 200 190 185 191 203
1121 1800 126
5
796 782 776 722 723
1437 1800 67
4
813 835 990 700
465 1800 248
16
837 988 985 952 938 920 912 913 570 571 573 304 288 280 285 238
254 1800 287
6
824 812 809 833 845 861
1003 1800 148
13
990 985 952 938 920 912 913 570 571 573 304 288 280
1518 1800 52
23
671 852 830 833 826 818 813 786 778 490 474 471 475 495 502 503 509 525 531 544 356 352 248
219 1800 294
11
807 818 813 835 990 985 952 938 920 912 913
351 1800 269
10
812 807 827 847 999 966 962 950 947 942
1018 1800 145
40
818 813 835 990 985 952 938 920 912 913 570 571 573 304 288 291 313 328 325 418 412 415 429 449 591 877 883 1016 1010 1011 976 392 370 365 376 377 395 405 336 332
542 1800 234
40
847 999 966 962 950 947 942 930 760 761 584 579 308 290 291 313 328 325 418 412 415 429 449 591 877 883 1016 894 888 696 688 682 683 272 258 252 42 18 19 45
356 1800 268
29
852 830 833 845 861 1005 970 964 950 947 942 930 760 761 584 579 308 290 291 313 328 325 418 412 415 429 449 591 877
1542 1800 47
4
988 700 516 498
967 1800 154
13
833 826 818 813 786 778 490 474 471 475 495 502 503
608 1800 221
40
845 861 1005 970 964 950 947 942 930 760 761 584 579 308 290 291 313 328 325 418 412 415 429 449 591 877 883 1016 1010 1011 976 392 370 365 376 377 395 405 336 332
708 1800 203
15
846 834 829 851 672 658 652 636 637 655 667 1020 1018 626 623
1098 1800 130
24
999 966 962 950 947 942 930 760 761 584 579 308 290 291 313 328 325 418 412 415 429 447 585 977
1145 1800 121
4
966 962 950 947
1055 1800 138
7
844 845 861 1005 970 964 946
90 1800 318
36
964 950 947 942 930 760 761 584 579 308 290 291 313 328 325 418 412 415 429 449 591 877 883 1016 894 888 696 688 682 683 272 258 252 42 18 19
155 1800 306
24
1005 970 964 950 947 942 930 760 761 584 579 308 290 291 313 328 325 418 412 415 429 447 585 977
1321 1800 89
43
970 964 950 947 942 930 760 761 584 579 308 290 291 313 328 325 418 412 415 429 449 591 877 883 1016 1010 1011 976 392 370 365 376 377 395 405 336 332 72 38 39 75 182 162
400 1800 260
20
467 479 503 509 525 531 547 354 318 234 231 236 239 325 418 412 415 429 447 585
469 1800 247
11
479 503 509 525 531 544 356 352 248 228 216
1142 1800 122
16
503 509 525 531 544 356 352 348 242 230 210 200 190 185 191 203
1195 1800 112
8
473 489 777 785 814 817 808 811
31 1800 329
6
509 525 531 547 354 318
931 1800 161
16
525 531 544 356 352 348 242 230 210 200 190 185 191 203 869 875
1364 1800 81
7
533 549 565 911 919 937 951
1 1800 334
10
547 354 318 234 231 236 239 327 454 455
1025 1800 144
6
472 473 489 777 785 814
532 1800 235
11
507 523 535 551 557 322 296 282 283 232 220
1115 1800 127
4
523 535 549 563
1202 1800 111
3
492 487 719
189 1800 299
3
498 492 489
720 1800 200
12
517 539 553 563 571 573 304 288 280 283 232 220
1064 1800 136
10
535 551 557 322 296 282 283 232 220 214
465 1800 248
7
539 538 535 551 557 322 296
279 1800 282
9
536 524 508 496 476 472 473 487 719
722 1800 200
22
557 562 358 352 348 242 230 210 200 190 185 191 203 869 875 883 1016 894 888 696 688 386
1499 1800 55
16
558 552 536 524 508 496 476 472 469 483 705 632 633 622 619 641
1464 1800 62
8
319 350 348 242 230 210 200 198
1095 1800 131
13
540 518 514 498 492 487 712 715 646 622 604 605 607
141 1800 308
3
565 911 919
1299 1800 93
6
564 554 540 518 514 498
948 1800 158
29
573 304 288 291 313 328 325 418 412 415 429 449 591 877 883 1016 1010 1011 976 392 370 365 376 377 395 405 336 332 72
185 1800 300
3
699 987 993
537 1800 234
11
921 982 704 701 788 780 783 801 666 656 638
4 1800 334
12
938 920 912 913 570 571 573 304 288 280 285 238
243 1800 289
11
981 922 912 913 570 571 573 304 288 280 283
500 1800 241
13
985 952 938 920 912 913 570 571 573 304 288 280 283
680 1800 208
26
952 938 920 912 913 570 571 573 304 288 291 313 328 325 418 412 415 429 449 591 877 883 1016 894 888 696
1313 1800 90
18
922 912 913 570 571 573 304 288 291 313 328 325 418 412 415 429 447 585
1056 1800 138
16
303 574 572 569 914 911 919 937 951 986 989 836 814 817 808 811
313 1800 276
14
578 574 572 564 554 540 518 514 498 492 487 712 715 646
355 1800 268
13
759 929 941 948 949 963 969 1006 862 846 834 829 851
196 1800 298
21
913 570 571 573 304 288 291 313 328 325 418 412 415 429 449 591 877 883 1016 1010 1011
1106 1800 129
10
914 911 921 982 704 701 788 780 783 801
3 1800 334
4
923 760 761 584
1351 1800 83
6
924 927 920 556 538 524
1561 1800 44
34
920 912 913 570 571 573 304 288 291 313 328 325 418 412 415 429 449 591 877 883 1016 894 888 696 688 682 683 272 258 252 42 43 126 118
1438 1800 67
36
932 926 923 760 761 584 579 308 290 291 313 328 325 418 412 415 429 449 591 877 883 1016 1010 1011 976 392 370 365 381 401 340 266 261 62 30 14
195 1800 298
17
956 938 920 912 913 570 560 557 562 358 352 348 242 230 210 200 190
289 1800 281
42
958 956 938 920 912 913 570 571 573 304 288 291 313 328 325 418 412 415 429 449 591 877 883 1016 1010 1011 976 392 370 365 381 401 340 266 261 62 30 14 11 31 51 174
1373 1800 79
5
762 746 734 729 735
389 1800 262
14
307 580 583 762 759 929 941 948 949 963 969 1006 862 846
1557 1800 45
34
308 290 291 313 328 325 418 412 415 429 449 591 877 883 1016 1010 1011 976 392 370 365 381 401 340 266 261 62 30 14 11 31 51 174 172
646 1800 214
6
728 308 290 280 283 232
112 1800 314
18
730 733 745 759 924 927 937 951 986 989 836 814 806 790 791 678 644 639
825 1800 181
6
743 757 769 936 931 943
1000 1800 148
12
757 769 941 948 949 961 965 1000 848 828 808 811
462 1800 248
17
769 930 924 927 920 921 982 704 516 498 492 487 712 715 646 622 604
1526 1800 50
42
926 923 760 761 584 579 308 290 291 313 328 325 418 412 415 429 449 591 877 883 1016 1010 1011 976 392 370 365 381 401 340 266 261 62 30 14 11 31 51 174 154 148 145
1332 1800 87
20
930 760 761 584 579 308 290 291 313 328 325 418 412 415 429 449 591 877 883 1016
1442 1800 66
5
946 940 920 912 913
1331 1800 87
24
962 950 947 942 930 760 761 584 579 308 290 291 313 328 325 418 412 415 429 449 591 877 883 1016
1338 1800 85
26
732 728 308 290 291 313 328 325 418 412 415 429 449 591 877 883 1016 894 888 696 688 682 683 272 258 259
221 1800 293
10
742 739 757 769 936 931 943 957 996 838
1337 1800 86
24
754 751 316 313 328 325 418 412 415 429 449 591 877 883 1016 894 888 696 688 682 683 272 258 252
378 1800 264
8
949 963 969 1006 862 846 843 855
563 1800 230
22
199 209 229 241 347 351 355 543 532 526 510 504 501 496 476 472 469 483 705 632 614 600
485 1800 244
14
209 229 241 347 351 355 543 532 526 510 504 501 496 476
187 1800 300
14
208 200 190 185 191 203 869 875 883 1016 1010 1011 976 392
401 1800 260
6
210 200 190 185 191 203
985 1800 151
27
230 210 200 190 185 191 203 869 875 883 1016 1010 1011 976 392 370 365 376 377 395 405 336 332 72 38 39 75
179 1800 301
21
242 230 210 200 190 185 191 203 869 875 883 1016 894 888 696 688 682 683 272 258 252
1069 1800 135
15
351 355 543 532 526 510 504 501 496 476 472 473 489 777 785
658 1800 212
4
352 348 242 230
9 1800 333
28
356 352 348 242 230 210 200 190 185 191 203 869 875 883 1016 894 888 696 688 682 683 272 258 252 42 43 126 118
54 1800 324
5
215 227 247 351 355
373 1800 265
8
216 211 208 200 190 185 191 203
58 1800 324
5
247 351 355 543 532
481 1800 245
24
231 284 281 295 321 558 552 536 524 508 496 476 472 469 483 705 632 633 622 604 601 615 627 668
1222 1800 107
14
246 243 242 230 210 200 190 185 191 203 869 875 883 1016
961 1800 156
18
548 532 526 510 504 501 496 476 472 469 483 705 632 633 622 604 605 607
422 1800 256
14
214 211 208 200 190 185 191 203 869 875 883 1016 894 888
583 1800 226
4
237 286 281 295
605 1800 222
19
279 287 303 574 572 569 914 911 919 937 951 986 989 836 814 817 808 811 823
956 1800 157
3
282 285 301
571 1800 228
4
232 233 317 353
1395 1800 75
6
287 303 324 321 558 546
10 1800 332
5
286 283 232 226 223
1347 1800 84
12
313 328 325 418 412 415 429 449 591 877 883 1014
1002 1800 148
19
325 418 412 415 429 449 591 877 883 1016 894 888 696 688 682 683 272 258 252
804 1800 185
9
417 326 327 314 292 289 307 580 583
244 1800 289
7
326 327 314 292 289 309 735
504 1800 241
8
450 430 416 411 417 326 240 222
1368 1800 80
5
411 417 326 327 314
46 1800 326
27
421 428 429 449 591 877 883 1016 1010 1011 976 392 370 365 381 401 340 266 261 62 30 14 11 31 51 174 172
1092 1800 131
9
416 411 417 326 327 314 315 752 753
688 1800 206
9
424 421 428 429 449 591 872 870 204
1240 1800 104
21
449 591 877 883 1016 1010 1011 976 392 370 360 361 373 344 342 96 78 64 67 87 97
1556 1800 45
10
434 424 421 428 429 449 591 877 883 1016
1335 1800 86
16
448 430 416 411 417 326 327 314 292 289 307 580 583 762 759 924
490 1800 243
15
738 730 733 743 757 769 941 948 949 963 969 1006 862 846 834
968 1800 154
13
314 292 289 307 580 583 762 759 929 941 948 949 961
1540 1800 48
7
905 312 307 580 578 324 321
1555 1800 45
4
316 313 328 325
29 1800 329
10
422 423 433 453 314 292 287 303 574 572
1585 1800 39
15
443 457 901 905 312 307 580 583 762 759 929 941 948 949 963
1081 1800 133
17
440 422 423 433 453 314 292 287 303 574 572 569 914 911 921 982 704
957 1800 156
19
457 901 905 312 307 580 583 918 914 911 921 982 704 701 788 780 776 722 723
310 1800 277
16
461 907 750 738 730 733 745 759 924 927 937 951 986 989 836 798
1096 1800 130
25
452 440 422 423 433 453 314 292 289 307 580 583 762 759 929 941 948 949 963 969 1006 862 846 834 829
530 1800 236
11
458 444 438 428 429 449 591 877 883 1016 1010
1136 1800 123
23
462 460 444 438 428 429 449 591 877 883 1016 1010 1011 976 392 370 360 361 373 344 342 96 78
1387 1800 76
24
904 898 328 325 418 412 415 429 449 591 877 883 1016 894 888 696 688 682 683 272 258 259 256 24
4 1800 334
8
189 199 207 212 213 219 231 284
13 1800 332
18
191 203 869 875 883 1016 894 888 696 688 682 683 272 258 259 256 24 8
1390 1800 76
6
188 185 191 203 869 871
1201 1800 111
12
194 191 203 869 875 883 1016 1010 1011 976 392 370
1106 1800 129
18
202 203 869 875 883 1016 894 888 696 688 682 683 272 258 252 42 43 126
606 1800 222
18
879 1008 1011 976 392 370 365 376 377 395 405 336 332 72 38 39 75 182
640 1800 215
28
1009 1015 884 878 592 450 430 416 411 417 326 327 314 292 289 307 580 583 762 759 929 941 948 949 963 969 1006 862
571 1800 228
22
1013 884 876 870 204 192 186 189 199 209 229 241 347 351 355 543 532 526 510 504 480 468
1180 1800 115
14
203 869 875 883 1016 1010 1011 976 392 370 365 381 401 340
1341 1800 85
12
204 192 186 189 199 207 212 213 219 231 284 281
629 1800 217
18
870 204 192 186 189 199 209 229 241 347 351 357 561 567 575 762 759 929
197 1800 298
6
876 870 204 192 186 187
629 1800 217
16
592 450 430 416 411 417 326 302 286 281 295 321 558 552 536 524
821 1800 182
12
696 688 682 683 272 258 252 42 43 126 118 115
739 1800 197
8
893 1015 884 876 870 204 192 193
478 1800 245
9
894 888 696 688 682 683 272 258 252
199 1800 297
3
884 876 870
700 1800 204
21
586 589 591 877 883 1016 894 888 696 688 682 683 272 258 252 42 43 126 118 115 121
1005 1800 147
23
978 586 589 591 877 883 1016 1010 1011 976 392 370 360 361 373 344 342 96 78 64 67 87 97
396 1800 261
16
363 375 381 401 340 266 254 24 8 2 5 19 45 130 133 141
804 1800 185
4
371 393 401 340
645 1800 214
35
375 366 369 391 975 1012 1009 1015 884 876 870 204 192 186 189 199 209 229 241 347 351 355 543 532 526 510 504 501 496 476 472 473 487 719 722
467 1800 247
11
366 369 391 975 1012 1009 1015 884 876 870 204
1444 1800 66
23
391 975 1012 1009 1015 884 876 870 204 192 186 189 199 209 229 241 347 351 355 543 532 526 510
113 1800 313
14
393 401 340 266 254 24 8 2 5 19 47 126 118 115
1245 1800 103
25
374 362 359 369 391 975 1012 1009 1015 884 876 870 204 192 186 189 199 209 229 241 347 351 355 543 532
1198 1800 111
16
382 366 369 391 975 1012 1009 1015 884 878 592 450 430 427 422 423
500 1800 241
12
396 378 375 366 369 391 975 1012 1009 1015 884 876
688 1800 206
12
392 370 360 361 373 344 342 96 78 64 67 89
426 1800 255
13
976 392 370 365 381 401 340 266 261 62 30 14 11
199 1800 297
27
339 402 382 366 369 391 975 1012 1009 1015 884 878 592 450 430 416 411 417 326 327 314 292 287 303 574 572 564
1584 1800 40
36
385 687 695 887 893 1015 884 878 592 450 430 416 411 417 326 327 314 292 289 307 580 583 762 759 929 941 948 949 963 969 1006 862 846 834 829 851
813 1800 183
5
340 266 254 250 42
1125 1800 125
7
697 889 971 1009 1015 884 876
934 1800 161
4
698 388 383 685
238 1800 290
22
971 1009 1015 884 876 870 204 192 186 189 199 209 229 241 347 351 355 543 532 533 536 524
724 1800 200
25
260 257 271 684 681 687 695 887 893 1015 884 878 592 450 430 416 411 417 326 327 314 292 289 307 580
400 1800 260
30
384 385 687 695 887 893 1015 884 878 592 450 430 416 411 417 326 327 314 292 289 307 580 583 762 759 929 941 948 949 963
1053 1800 138
43
686 384 385 687 695 887 893 1015 884 876 870 204 192 186 189 199 209 229 241 347 351 355 543 532 526 510 504 501 496 476 472 469 483 705 632 633 622 604 601 615 627 668 664
719 1800 201
5
692 686 384 387 697
1497 1800 56
29
23 255 260 257 271 684 681 687 695 887 893 1015 884 876 870 204 192 186 189 199 209 229 241 347 351 355 543 532 526
1314 1800 90
30
255 260 257 271 684 681 687 695 887 893 1015 884 876 870 204 192 186 189 199 209 229 241 347 351 355 543 532 533 536 537
702 1800 204
6
681 687 693 697 889 971
1438 1800 67
7
386 368 365 381 401 340 266
1226 1800 106
7
272 258 259 256 24 8 2
1019 1800 145
28
695 887 893 1015 884 878 592 450 430 416 411 417 326 327 314 292 289 307 580 583 762 759 929 941 948 949 961 965
91 1800 317
9
251 259 267 692 686 384 387 697 891
1238 1800 104
22
257 271 684 681 687 695 887 893 1015 884 876 870 204 192 186 189 199 209 229 241 244 245
769 1800 191
17
271 684 681 687 695 887 893 1015 884 878 592 450 430 416 411 417 326
467 1800 247
26
83 80 77 95 341 343 374 362 359 369 391 975 1012 1009 1015 884 876 870 204 192 186 189 199 207 212 213
1353 1800 83
20
95 341 343 374 362 359 369 391 975 1012 1009 1015 884 878 592 450 430 416 411 417
1027 1800 143
7
80 70 71 331 335 406 396
383 1800 263
11
98 88 68 36 37 71 331 335 406 396 378
644 1800 215
24
102 98 88 68 63 77 95 341 343 374 362 359 369 391 975 1012 1009 1015 884 878 592 590 585 977
1281 1800 96
7
331 335 406 396 378 375 366
31 1800 329
33
335 406 396 378 375 366 369 391 975 1012 1009 1015 884 878 592 450 430 416 411 417 326 327 314 292 287 303 574 572 569 914 911 919 937
341 1800 271
5
345 406 396 378 375
204 1800 296
36
37 71 331 335 406 396 378 375 366 369 391 975 1012 1009 1015 884 876 870 204 192 186 189 199 209 229 241 347 351 355 543 532 526 510 504 501 496
556 1800 231
3
30 14 4
1226 1800 106
18
63 77 95 341 343 374 362 359 369 391 975 1012 1009 1015 884 876 870 204
1150 1800 120
26
71 331 335 406 396 378 375 366 369 391 975 1012 1009 1015 884 876 870 204 192 186 189 199 207 212 213 221
1581 1800 40
34
40 37 71 331 335 406 396 378 375 366 369 391 975 1012 1009 1015 884 876 870 204 192 186 189 199 209 229 241 347 351 355 543 532 526 510
1087 1800 132
8
64 67 89 103 176 168 158 140
1524 1800 51
27
68 63 77 95 341 343 374 362 359 369 391 975 1012 1009 1015 884 878 592 450 430 416 411 417 326 302 286 281
82 1800 319
17
88 68 63 77 95 341 343 374 362 359 369 391 975 1012 1009 1015 884
68 1800 322
6
90 68 36 37 71 331
1118 1800 126
11
100 88 68 36 37 71 331 335 406 396 393
1148 1800 121
28
110 100 88 68 63 77 95 341 343 374 362 359 369 391 975 1012 1009 1015 884 876 870 204 192 186 189 199 207 212
523 1800 237
38
265 339 402 382 366 369 391 975 1012 1009 1015 884 876 870 204 192 186 189 199 209 229 241 347 351 355 543 532 526 510 504 501 496 476 472 469 483 705 632
1239 1800 104
35
262 265 339 402 382 366 369 391 975 1012 1009 1015 884 876 870 204 192 186 189 199 209 229 241 347 351 355 543 532 533 536 537 540 541 982 704
602 1800 222
37
13 29 61 262 265 339 402 382 366 369 391 975 1012 1009 1015 884 876 870 204 192 186 189 199 209 229 241 347 351 355 543 532 526 510 504 501 496 476
292 1800 280
14
12 13 29 61 262 265 339 402 382 366 369 391 892 886
1427 1800 69
32
32 12 13 29 61 262 265 339 402 382 366 369 391 975 1012 1009 1015 884 876 870 204 192 186 189 199 209 229 241 347 351 355 543
488 1800 244
24
34 12 13 29 61 262 265 339 402 382 366 369 391 975 1012 1009 1015 884 876 870 204 192 186 187
1373 1800 79
42
57 61 262 265 339 402 382 366 369 391 975 1012 1009 1015 884 876 870 204 192 186 189 199 209 229 241 347 351 355 543 532 526 510 504 501 496 476 472 473 487 719 775 781
118 1800 312
30
161 181 76 40 37 71 331 335 406 396 378 375 366 369 391 975 1012 1009 1015 884 876 870 204 192 186 189 199 207 212 213
351 1800 269
19
164 161 181 76 40 37 71 331 335 406 396 378 375 366 369 391 975 974 896
1232 1800 105
37
175 104 90 68 63 77 95 341 343 374 362 359 369 391 975 1012 1009 1015 884 876 870 204 192 186 189 199 209 229 241 347 351 355 543 532 526 510 504
1481 1800 59
4
181 76 73 87
212 1800 295
23
104 90 68 63 77 95 341 343 374 362 359 369 391 975 1012 1009 1015 884 878 592 590 585 977
1456 1800 63
11
76 40 37 71 331 335 406 396 378 375 366
39 1800 327
19
52 32 12 13 29 61 262 265 339 402 382 366 369 391 975 1012 1009 1015 884
1296 1800 93
24
1 7 23 255 260 257 271 684 681 687 695 887 893 1015 884 878 592 450 430 416 411 417 326 302
1355 1800 82
10
7 23 255 267 692 686 384 387 697 889
100 1800 316
5
147 153 173 52 22
393 1800 261
3
151 169 179
1472 1800 61
21
146 147 153 173 52 32 12 13 29 61 262 265 339 402 382 366 369 391 975 1012 1009
1431 1800 68
32
171 173 52 32 12 13 29 61 262 265 339 402 382 366 369 391 975 1012 1009 1015 884 878 592 450 430 416 411 417 326 302 286 281
1108 1800 128
33
20 17 41 251 257 271 684 681 687 695 887 893 1015 884 876 870 204 192 186 189 199 209 229 241 347 351 355 543 532 533 536 537 540
1030 1800 143
33
46 20 17 41 251 257 271 684 681 687 695 887 893 1015 884 876 870 204 192 186 189 199 209 229 241 347 351 355 543 532 526 510 504
411 1800 258
4
134 131 147 151
660 1800 212
32
44 41 251 257 271 684 681 687 695 887 893 1015 884 876 870 204 192 186 189 199 209 229 241 347 351 355 543 532 533 536 537 540
1373 1800 79
26
142 134 129 46 20 17 41 251 257 271 684 681 687 695 887 893 1015 884 876 870 204 192 186 189 199 207
1237 1800 104
43
166 142 134 129 46 20 17 41 251 257 271 684 681 687 695 887 893 1015 884 878 592 450 430 416 411 417 326 327 314 292 287 303 574 572 569 914 911 919 937 951 986 987 838
127 1800 311
37
117 125 44 41 251 257 271 684 681 687 695 887 893 1015 884 878 592 450 430 416 411 417 326 327 314 292 287 303 574 572 569 914 911 919 937 955 957
149 1800 307
25
116 117 125 44 41 251 257 271 684 681 687 695 887 893 1015 884 876 870 204 192 186 189 199 207 212
1311 1800 90
29
125 44 41 251 257 271 684 681 687 695 887 893 1015 884 876 870 204 192 186 189 199 209 229 241 347 351 355 543 532
967 1800 154
35
122 116 117 125 44 41 251 257 271 684 681 687 695 887 893 1015 884 878 592 450 430 416 411 417 326 327 314 292 287 303 574 572 569 914 911
840 1800 178
45
138 122 116 117 125 44 41 251 257 271 684 681 687 695 887 893 1015 884 878 592 450 430 416 411 417 326 327 314 292 289 307 580 583 762 759 929 941 948 949 963 969 1006 862 846 843
90 1800 318
28
278 138 122 116 117 125 44 41 251 257 271 684 681 687 695 887 893 1015 884 876 870 204 192 186 189 199 207 212
764 1800 192
24
866 278 138 122 116 117 125 44 41 251 257 271 684 681 687 695 887 893 1015 884 878 592 590 585
3236 3600 270
18
599 613 631 706 484 470 471 475 495 507 523 535 551 557 322 319 350 248
1839 3600 1310
8
613 633 645 716 711 488 491 497
2445 3600 859
20
608 606 603 621 645 716 711 488 491 497 513 517 539 553 563 560 557 322 319 350
2550 3600 781
3
633 645 716
1872 3600 1285
7
624 625 662 654 650 651 659
2010 3600 1183
13
470 471 475 495 507 523 535 551 557 322 319 350 348
2061 3600 1145
11
603 621 645 716 711 488 491 478 466 467 479
2777 3600 612
9
606 603 621 645 716 713 721 773 777
3361 3600 177
38
621 645 716 711 488 491 497 513 517 539 553 563 571 573 304 288 291 313 454 434 424 421 439 446 449 591 877 882 879 1008 972 890 698 388 383 685 691 268
2521 3600 802
20
610 606 603 621 645 716 711 488 491 497 513 517 539 553 563 571 573 304 288 291
2260 3600 997
23
645 716 711 488 491 497 513 517 539 553 563 571 573 304 288 291 313 454 434 424 421 439 451
2199 3600 1042
10
638 618 602 603 621 645 716 711 488 474
2657 3600 701
5
667 628 610 606 603
3363 3600 176
18
706 484 470 471 475 495 507 523 535 551 557 322 319 350 248 228 216 211
2605 3600 740
39
1017 1019 1021 802 800 797 835 990 985 952 938 928 923 760 746 734 729 737 749 908 462 442 438 439 446 449 591 877 883 1016 894 888 696 688 682 683 272 258 252
2234 3600 1016
27
630 610 606 603 621 645 716 711 488 491 497 513 517 539 553 563 560 557 322 319 350 248 228 216 211 208 200
2697 3600 671
25
1021 802 800 797 835 990 985 952 938 928 923 760 746 734 729 737 749 908 462 442 438 439 446 449 591
2717 3600 657
5
802 784 776 773 490
3123 3600 354
6
487 712 715 710 632 614
2766 3600 620
32
602 603 621 645 716 711 488 491 497 513 517 539 553 563 571 573 304 288 291 313 454 434 424 421 439 446 449 591 877 882 879 1008
2877 3600 538
15
618 602 603 621 645 716 711 488 491 497 513 517 539 538 528
3110 3600 364
3
711 488 474
2141 3600 1085
17
716 711 488 491 497 513 517 539 553 563 560 557 322 296 282 285 301
2563 3600 771
19
721 773 777 787 702 703 981 922 919 928 923 760 746 734 729 737 749 908 462
2461 3600 847
3
724 721 773
2286 3600 977
12
784 779 787 702 703 981 542 539 553 563 560 546
2561 3600 773
9
643 677 792 789 805 815 839 984 500
2879 3600 536
12
640 643 677 792 789 805 815 839 984 500 497 494
2849 3600 558
35
677 792 789 805 815 837 995 958 944 932 935 770 758 740 741 736 737 749 908 462 442 438 439 446 449 591 877 882 879 1008 1011 976 392 370 360
3269 3600 246
9
773 777 787 702 703 979 991 958 944
3279 3600 238
15
490 491 497 513 517 539 553 563 560 557 322 296 293 234 220
2578 3600 760
16
779 787 702 703 981 542 539 553 563 560 557 322 296 282 285 301
2346 3600 933
44
787 702 703 981 922 919 928 923 760 746 734 729 737 749 908 462 442 438 439 446 449 591 877 882 879 1008 972 890 698 388 383 685 691 268 256 24 8 2 5 19 45 130 133 141
3388 3600 157
7
792 789 805 815 837 995 997
3056 3600 404
5
786 778 774 722 714
1861 3600 1294
5
983 840 816 806 803
2087 3600 1125
39
659 675 824 794 789 805 815 837 995 958 944 932 935 770 758 740 741 736 737 749 908 462 442 438 439 446 449 591 877 882 879 1008 972 890 698 388 383 685 691
2380 3600 907
48
675 824 794 789 805 815 837 995 958 944 932 935 770 758 740 741 736 737 749 908 462 442 438 439 446 449 591 877 882 879 1008 972 890 698 388 383 685 691 268 256 24 8 2 5 21 51 174 172
3388 3600 157
18
789 805 815 837 995 958 944 932 935 770 758 740 732 728 306 298 293 246
2623 3600 727
24
805 815 837 995 958 944 932 935 770 758 740 741 736 737 749 908 462 442 438 439 446 449 591 872
3061 3600 401
39
815 837 995 958 944 932 935 770 758 740 741 736 737 749 908 462 442 438 439 446 449 591 877 882 879 1008 972 890 698 388 383 685 691 268 256 24 25 62 58
2729 3600 648
3
841 847 1001
2552 3600 779
12
824 794 789 805 815 839 984 702 703 981 542 522
2070 3600 1138
14
984 702 703 981 542 539 553 563 560 557 322 296 282 283
3155 3600 331
16
807 827 847 994 995 958 944 932 935 770 758 744 582 578 324 319
1961 3600 1219
6
794 789 805 815 839 984
2665 3600 695
44
827 847 994 995 958 944 932 935 770 758 740 741 736 737 749 908 462 442 438 439 446 449 591 877 882 879 1008 972 890 698 388 383 685 691 268 256 24 8 2 5 21 51 174 172
1808 3600 1333
10
842 839 984 702 703 981 542 539 538 528
1891 3600 1271
16
858 824 794 789 805 815 837 995 958 944 932 935 770 758 740 732
1949 3600 1228
6
995 958 944 932 935 770
2199 3600 1042
16
810 807 827 847 994 995 958 944 932 935 770 758 740 741 736 310
1853 3600 1299
35
826 827 847 994 995 958 944 932 935 770 758 740 741 736 737 749 908 462 442 438 439 446 449 591 877 883 1016 894 888 696 688 682 683 272 258
2219 3600 1027
4
822 794 789 805
2169 3600 1064
17
850 847 994 995 958 944 932 935 770 758 740 741 736 310 311 316 300
2238 3600 1013
30
994 995 958 944 932 935 770 758 740 741 736 737 749 908 462 442 438 439 446 449 591 877 882 879 1008 972 890 698 388 383
3221 3600 282
5
1000 848 828 825 843
2253 3600 1002
15
844 826 827 847 994 995 958 944 932 935 770 758 740 741 747
2127 3600 1096
4
856 844 826 827
3179 3600 313
29
968 960 944 932 935 770 758 740 741 736 737 749 908 462 442 438 439 446 449 591 877 882 879 1008 972 890 698 388 383
2165 3600 1067
23
1002 994 995 958 944 932 935 770 758 740 732 728 306 298 293 246 228 216 211 208 200 190 185
2709 3600 663
37
467 479 503 509 525 531 547 354 350 248 228 216 211 208 200 190 185 191 203 869 873 879 1008 972 890 698 388 383 685 691 268 256 24 8 2 5 19
2485 3600 829
4
479 503 509 525
3149 3600 335
9
503 509 525 531 547 354 318 234 220
2073 3600 1136
35
471 475 495 507 523 535 551 557 322 319 350 248 228 216 211 208 200 190 185 191 203 869 873 879 1008 1011 976 392 370 360 361 373 344 342 96
3000 3600 446
28
509 525 531 547 354 350 248 228 216 211 208 200 190 185 191 203 869 875 883 1016 894 888 696 688 682 683 272 258
3204 3600 294
17
525 531 547 354 350 248 228 216 211 208 200 190 185 191 203 869 875
2006 3600 1186
14
533 549 554 540 518 514 498 492 487 712 715 646 622 604
3091 3600 378
11
545 557 322 323 577 581 734 729 737 749 908
2605 3600 740
11
475 495 507 523 535 551 557 322 296 293 234
1876 3600 1282
15
493 513 519 981 922 919 928 923 760 746 734 729 737 749 908
2190 3600 1049
9
507 523 535 551 557 322 319 350 248
3059 3600 402
21
523 535 551 557 322 319 350 248 228 216 211 208 200 190 185 191 203 869 875 883 1016
2590 3600 751
19
497 513 517 539 553 563 571 573 304 288 291 313 454 434 424 421 439 451 593
3013 3600 436
3
513 519 981
3232 3600 273
21
517 539 553 563 571 573 304 288 291 313 454 434 424 421 439 446 449 591 877 883 1016
3096 3600 375
5
524 508 496 476 472
3349 3600 186
3
536 524 508
2113 3600 1106
6
552 536 524 512 504 480
3010 3600 439
8
321 558 559 564 554 540 518 514
2001 3600 1189
33
553 563 571 573 304 288 291 313 454 434 424 421 439 446 449 591 877 883 1016 894 888 696 688 682 683 272 258 252 42 43 126 118 115
1807 3600 1334
15
565 909 925 931 943 957 996 838 816 806 790 793 823 676 660
3259 3600 253
3
568 562 548
2340 3600 937
13
703 981 542 539 553 563 560 557 322 296 293 234 220
2268 3600 991
10
556 553 563 560 557 322 296 293 234 220
3174 3600 316
5
955 957 996 838 816
3226 3600 278
4
979 986 989 836
3273 3600 243
7
987 838 816 806 790 791 678
2838 3600 567
6
954 955 959 965 1000 848
2184 3600 1053
3
298 293 317
2224 3600 1023
4
577 583 918 915
1930 3600 1242
16
581 745 763 769 936 931 943 957 996 838 816 806 790 791 678 644
2221 3600 1026
14
746 734 729 737 749 908 462 442 438 439 446 449 591 872
2761 3600 624
30
913 917 584 579 308 311 906 902 458 444 438 439 446 449 591 877 883 1016 894 888 696 688 682 683 272 258 252 42 43 126
3165 3600 323
8
917 584 579 308 311 906 902 458
2883 3600 533
8
927 937 951 986 989 836 798 799
2041 3600 1160
5
924 925 931 943 959
1940 3600 1235
8
928 925 935 770 758 740 741 747
2644 3600 711
16
932 935 770 758 740 741 736 737 749 908 462 442 438 439 446 449
2059 3600 1146
34
944 932 935 770 758 740 741 736 737 749 908 462 442 438 439 446 449 591 877 882 879 1008 1011 976 392 370 360 361 373 344 342 96 78 64
2189 3600 1049
6
576 568 322 319 350 248
2833 3600 570
3
309 737 753
3299 3600 223
5
306 298 293 317 350
3085 3600 383
17
729 737 749 908 462 442 438 439 446 449 591 877 882 879 1008 1011 976
3058 3600 403
15
735 742 739 757 769 936 931 943 957 996 838 816 806 803 809
2602 3600 742
7
734 728 306 298 293 234 220
3305 3600 219
10
740 741 736 737 749 908 462 442 438 428
3231 3600 274
7
758 740 741 736 737 749 904
3084 3600 383
6
931 943 957 996 838 816
2891 3600 527
3
770 758 744
3365 3600 174
12
965 1000 848 842 816 806 790 791 678 644 620 612
1823 3600 1322
12
741 736 737 749 908 462 442 438 439 451 593 977
2784 3600 607
10
736 310 311 316 300 238 222 214 211 217
2783 3600 607
5
765 948 949 961 967
3247 3600 262
10
748 742 739 757 769 936 931 943 959 965
1857 3600 1297
10
934 931 943 957 992 980 520 514 494 482
2837 3600 567
11
766 767 758 740 741 736 737 749 908 900 458
2632 3600 720
13
199 207 212 215 227 245 317 353 548 532 526 510 504
3247 3600 262
20
212 215 227 245 317 353 548 545 559 564 565 909 925 931 943 959 965 1000 848 828
2584 3600 756
12
229 241 347 349 353 548 545 559 564 554 540 518
2805 3600 591
6
241 347 349 353 548 532
1984 3600 1202
12
347 349 353 548 545 552 536 524 508 496 476 472
2296 3600 970
16
248 228 216 211 208 200 190 185 191 203 869 873 879 1008 972 890
2127 3600 1096
10
357 548 545 559 564 554 540 518 519 979
2246 3600 1007
12
530 526 510 504 480 468 463 469 483 705 632 614
3255 3600 256
17
211 208 200 190 185 191 203 869 873 879 1008 972 890 698 388 383 380
2697 3600 671
23
228 216 211 208 200 190 185 191 203 869 873 879 1008 972 890 698 388 383 685 691 268 256 24
2136 3600 1089
14
220 214 211 208 200 190 185 191 203 869 873 879 1008 972
2782 3600 608
5
318 234 231 236 239
3174 3600 316
8
548 545 559 564 554 540 518 519
2957 3600 478
6
221 239 325 418 412 415
1942 3600 1233
16
237 286 281 295 321 558 559 564 554 540 518 514 498 492 487 712
2961 3600 475
3
285 238 222
2106 3600 1111
23
293 246 228 216 211 208 200 190 185 191 203 869 873 879 1008 972 890 698 388 383 380 376 377
3208 3600 291
6
236 237 299 315 906 903
1896 3600 1267
18
287 305 727 731 739 757 769 936 931 943 957 996 838 816 806 790 793 821
2363 3600 920
3
315 906 902
2597 3600 746
21
325 418 412 415 429 449 591 877 883 1016 894 888 696 688 682 683 272 258 252 42 43
2556 3600 776
8
417 326 240 235 232 233 317 353
2157 3600 1073
8
591 877 882 879 1008 972 890 698
3023 3600 429
13
413 425 441 461 907 772 748 742 739 757 769 936 933
3067 3600 396
11
425 441 461 907 750 738 730 733 745 759 924
2630 3600 721
12
427 437 441 461 907 772 748 742 739 757 769 936
2033 3600 1166
11
435 457 901 905 312 307 580 583 918 914 911
2310 3600 959
16
430 416 411 417 326 302 286 281 295 321 558 552 536 524 508 496
3098 3600 373
30
434 424 421 439 446 449 591 877 882 879 1008 972 890 698 388 383 685 691 268 256 24 8 2 5 19 45 130 133 141 165
1903 3600 1262
19
448 430 416 411 417 326 302 286 281 295 321 558 552 536 524 512 504 480 468
3009 3600 439
7
738 730 728 306 298 293 246
3383 3600 161
6
897 903 750 738 730 733
2607 3600 738
19
903 750 738 730 733 745 759 924 927 937 951 986 989 836 798 799 801 1022 1020
2924 3600 503
20
906 902 458 444 438 439 446 449 591 877 883 1016 894 888 696 688 682 683 272 258
3095 3600 375
15
437 441 461 907 772 748 742 739 757 769 936 931 943 959 965
2945 3600 487
4
441 461 907 750
2045 3600 1157
14
440 422 423 433 453 314 292 287 303 574 572 564 554 540
2374 3600 912
3
436 424 414
1940 3600 1235
6
452 440 422 423 433 453
2454 3600 852
9
901 905 316 300 286 281 293 317 350
2193 3600 1046
24
462 442 438 439 446 449 591 877 883 1016 894 888 696 688 682 683 272 258 252 42 43 126 118 115
2965 3600 472
26
908 462 442 438 439 446 449 591 877 882 879 1008 972 890 698 388 383 685 691 268 256 24 8 2 5 19
2574 3600 763
3
185 191 203
2702 3600 668
28
186 189 199 207 212 215 227 245 317 353 548 545 559 564 554 540 518 514 498 492 487 712 715 646 622 604 605 609
2393 3600 898
16
197 199 207 212 215 227 245 317 353 548 545 559 564 554 540 541
2092 3600 1122
17
196 197 199 207 212 215 227 245 317 353 548 532 526 510 504 480 468
2145 3600 1082
3
202 203 869
2877 3600 538
8
879 1008 972 890 698 388 383 680
2411 3600 884
15
1007 880 881 878 592 450 445 440 422 423 433 453 314 292 287
2531 3600 795
13
192 186 189 199 207 212 215 227 245 317 353 548 532
3168 3600 321
12
204 192 186 189 199 207 212 215 225 231 284 279
2489 3600 826
16
882 879 1008 1011 976 392 370 360 361 373 344 342 96 91 84 81
3384 3600 160
20
877 882 879 1008 972 890 698 388 383 685 691 268 256 24 8 2 5 21 51 174
2936 3600 494
19
887 893 1015 884 876 870 204 192 186 189 199 207 212 215 227 245 317 353 548
3104 3600 369
6
893 1015 884 878 592 450
2956 3600 479
16
1015 884 878 592 450 445 440 422 423 433 453 314 292 287 303 574
2103 3600 1113
20
884 878 592 450 445 440 437 441 461 907 750 738 730 733 745 759 924 927 937 951
2290 3600 974
20
586 589 591 877 883 1016 894 888 696 688 682 683 272 258 252 42 43 126 118 115
2115 3600 1105
12
978 586 589 591 877 882 879 1008 972 890 698 388
2905 3600 517
8
361 373 344 342 96 91 84 81
2832 3600 571
7
367 383 685 691 268 256 250
2833 3600 570
7
371 393 399 691 268 256 250
2136 3600 1089
31
375 379 384 387 697 889 971 1007 880 881 878 592 450 445 440 437 441 461 907 772 748 742 739 757 769 936 931 943 959 965 1000
2338 3600 939
11
376 377 395 405 336 332 72 38 39 75 106
2353 3600 927
5
378 375 379 384 385
2429 3600 871
4
344 342 334 332
3126 3600 352
4
399 691 268 256
3269 3600 246
6
405 336 332 72 38 35
2786 3600 605
15
892 698 388 383 685 691 268 256 24 8 2 5 19 45 128
2278 3600 983
9
1012 1007 880 881 878 592 590 585 977
2117 3600 1103
32
270 267 692 686 384 387 697 889 971 1007 880 881 878 592 450 445 440 437 441 461 907 750 738 730 733 745 759 924 927 937 951 986
1987 3600 1200
9
383 685 691 268 256 24 8 2 3
2526 3600 799
9
404 405 336 332 72 38 39 75 106
1870 3600 1287
6
697 889 971 1007 880 874
2425 3600 874
5
698 388 383 380 376
2560 3600 773
7
890 698 388 383 380 376 377
2112 3600 1107
6
269 337 336 332 72 38
1917 3600 1252
9
384 387 697 889 971 1007 880 874 870
2836 3600 568
3
686 384 368
2783 3600 607
3
268 256 250
2077 3600 1133
3
23 255 260
2877 3600 538
22
681 687 695 887 893 1015 884 876 870 204 192 186 189 199 207 212 215 227 245 317 353 548
2497 3600 820
13
386 368 360 361 373 344 342 96 78 64 67 89 103
2502 3600 817
12
689 691 268 256 24 8 2 5 19 45 143 148
3395 3600 152
15
695 887 893 1015 884 876 870 204 192 186 189 199 207 212 213
2806 3600 590
37
251 257 271 684 681 687 695 887 893 1015 884 878 592 450 430 416 411 417 326 302 286 281 295 321 558 552 536 524 508 496 476 472 469 483 705 632 614
2307 3600 962
32
257 271 684 681 687 695 887 893 1015 884 878 592 450 445 440 437 441 461 907 750 738 730 733 745 759 924 927 937 951 986 989 836
1907 3600 1259
22
271 684 681 687 695 887 893 1015 884 878 592 450 445 440 422 423 433 453 314 292 287 303
3099 3600 372
45
83 92 95 341 343 374 362 359 367 387 697 889 971 1007 880 881 878 592 450 445 440 422 423 433 453 314 292 287 303 574 572 564 554 540 518 514 498 492 487 712 715 646 622 604 601
1939 3600 1235
34
95 341 343 374 362 359 367 387 697 889 971 1007 880 874 870 204 192 186 189 199 207 212 215 227 245 317 353 548 532 526 510 504 480 468
2152 3600 1077
5
92 95 341 343 374
2830 3600 572
11
98 82 83 92 95 341 343 374 362 359 367
2341 3600 936
24
102 98 82 83 92 95 341 343 374 362 359 367 387 697 889 971 1007 880 874 870 204 192 186 189
2937 3600 493
4
94 95 341 343
2004 3600 1187
22
333 341 343 374 362 359 367 387 697 889 971 1007 880 874 870 204 192 186 189 199 207 212
2759 3600 625
8
334 332 72 38 39 75 409 174
3314 3600 212
4
343 374 371 393
2551 3600 780
4
406 396 393 399
1860 3600 1294
20
35 63 77 95 341 343 374 362 359 367 387 697 889 971 1007 880 874 870 204 192
2436 3600 866
5
61 262 265 337 346
2353 3600 927
4
36 39 56 54
2142 3600 1084
26
69 77 95 341 343 374 362 359 367 387 697 889 971 1007 880 874 870 204 192 186 189 199 207 212 213 221
2533 3600 793
4
40 35 65 83
1941 3600 1234
24
77 95 341 343 374 362 359 367 387 697 889 971 1007 880 874 870 204 192 186 189 199 207 212 215
3317 3600 210
7
68 63 77 95 341 345 338
3395 3600 152
31
82 83 92 95 341 343 374 362 359 367 387 697 889 971 1007 880 881 878 592 450 445 440 437 443 457 901 905 312 307 580 583
2318 3600 953
37
90 68 63 77 95 341 343 374 362 359 367 387 697 889 971 1007 880 874 870 204 192 186 189 199 207 212 215 227 245 317 353 548 532 526 510 504 480
2219 3600 1027
38
100 82 83 92 95 341 343 374 362 359 367 387 697 889 971 1007 880 881 878 592 450 430 416 411 417 326 302 286 281 295 321 558 552 536 524 508 496 476
2859 3600 551
4
184 180 170 152
2853 3600 555
5
26 23 255 267 274
2683 3600 682
41
4 1 7 23 255 267 692 686 384 387 697 889 971 1007 880 881 878 592 450 445 440 437 441 461 907 772 748 742 739 757 769 936 931 943 957 996 838 816 806 803 809
2218 3600 1028
38
10 7 23 255 267 692 686 384 387 697 889 971 1007 880 881 878 592 450 445 440 437 441 461 907 772 748 742 739 757 769 936 931 943 959 965 1000 848 828
2461 3600 847
12
12 4 1 7 23 255 267 692 686 384 387 697
2590 3600 751
38
22 6 1 7 23 255 267 692 686 384 387 697 889 971 1007 880 881 878 592 450 430 416 411 417 326 302 286 281 295 321 558 552 536 524 508 496 476 472
2969 3600 469
38
54 22 6 1 7 23 255 267 692 686 384 387 697 889 971 1007 880 881 878 592 450 445 440 437 441 461 907 750 738 730 733 745 759 924 927 937 951 986
1948 3600 1229
47
28 10 7 23 255 267 692 686 384 387 697 889 971 1007 880 881 878 592 450 445 440 422 423 433 453 314 292 287 303 574 572 564 554 540 518 514 498 492 487 712 715 646 622 604 605 607 623
2203 3600 1039
33
161 181 76 40 35 63 77 95 341 343 374 362 359 367 387 697 889 971 1007 880 881 878 592 450 445 440 437 441 461 907 750 738 730
2843 3600 563
30
164 161 181 76 40 35 63 77 95 341 343 374 362 359 367 387 697 889 971 1007 880 881 878 592 450 430 416 411 417 326
2003 3600 1188
6
175 104 90 74 40 37
1859 3600 1295
4
181 76 40 35
2546 3600 784
7
104 90 74 40 37 71 331
1991 3600 1197
30
76 40 35 63 77 95 341 343 374 362 359 367 387 697 889 971 1007 880 874 870 204 192 186 189 199 207 212 215 225 231
3073 3600 392
3
410 76 40
2969 3600 469
4
1 9 27 59
3366 3600 174
10
7 23 255 267 692 686 384 387 697 889
2452 3600 854
29
132 129 46 20 6 1 7 23 255 267 692 686 384 387 697 889 971 1007 880 874 870 204 192 186 189 199 207 212 213
3400 3600 148
42
144 46 20 6 1 7 23 255 267 692 686 384 387 697 889 971 1007 880 881 878 592 450 445 440 437 443 457 901 905 312 307 580 583 918 914 911 921 982 704 701 788 780
2552 3600 779
4
157 164 161 181
2056 3600 1148
28
171 173 52 22 6 1 7 23 255 267 692 686 384 387 697 889 971 1007 880 874 870 204 192 186 189 199 207 212
2864 3600 547
44
173 52 22 6 1 7 23 255 267 692 686 384 387 697 889 971 1007 880 881 878 592 450 445 440 437 441 461 907 772 748 742 739 757 769 936 931 943 957 996 838 816 806 790 793
3256 3600 255
20
6 1 7 23 255 267 692 686 384 387 697 889 971 1007 880 881 878 592 590 585
2193 3600 1046
35
20 6 1 7 23 255 267 692 686 384 387 697 889 971 1007 880 881 878 592 450 430 416 411 417 326 302 286 281 295 321 558 552 536 524 508
2187 3600 1051
3
131 149 161
2543 3600 786
6
46 20 6 1 9 29
2764 3600 622
3
142 134 120
2692 3600 675
31
166 142 134 129 46 20 6 1 7 23 255 267 692 686 384 387 697 889 971 1007 880 881 878 592 450 445 440 437 443 457 901
2188 3600 1050
4
117 125 44 41
3110 3600 364
31
116 117 125 44 41 251 257 271 684 681 687 695 887 893 1015 884 878 592 450 445 440 437 441 461 907 750 738 730 733 745 759
2293 3600 972
24
125 44 41 251 257 271 684 681 687 695 887 893 1015 884 876 870 204 192 186 189 199 207 212 213
3359 3600 179
35
122 116 117 125 44 41 251 257 271 684 681 687 695 887 893 1015 884 878 592 450 430 416 411 417 326 302 286 281 295 321 558 552 536 524 508
2414 3600 882
41
138 122 116 117 125 44 41 251 257 271 684 681 687 695 887 893 1015 884 878 592 450 430 416 411 417 326 302 286 281 295 321 558 552 536 524 508 496 476 472 469 483
2844 3600 562
29
278 138 122 116 117 125 44 41 251 257 271 684 681 687 695 887 893 1015 884 876 870 204 192 186 189 199 207 212 213
2591 3600 750
4
866 278 138 122
