285
40.7826383 -73.9750067 42421769 1 
40.7819594 -73.9755004 42443347 1 
40.783828 -73.9778254 42421772 1 
40.783251 -73.9745526 42443280 1 
40.7812798 -73.9759984 42428061 1 
40.7831525 -73.9783287 42442463 1 
40.7841721 -73.9775743 6929267030 1 
40.7844943 -73.9794053 1061531525 1 
40.7820299 -73.9717218 42427915 1 
40.7839051 -73.9740816 42433565 1 
40.7844628 -73.9773621 42442469 1 
40.7844936 -73.9774361 6929267009 1 
40.7831762 -73.978385 6929267015 1 
40.7827373 -73.9786255 6929267036 1 
40.7845691 -73.9795827 42421775 1 
40.7838162 -73.9799051 1061531454 1 
40.785123 -73.9789382 1061531645 1 
40.783893 -73.9800838 42428653 1 
40.7850271 -73.9806662 42421776 1 
40.7852008 -73.9791229 42428657 1 
40.7832069 -73.9805809 42428065 1 
40.7843431 -73.9811633 42431019 1 
40.7856592 -73.9802046 42431024 1 
40.7861861 -73.9814457 42441587 1 
40.7858192 -73.9786487 42428661 1 
40.7862977 -73.9797408 42431027 1 
40.7868921 -73.9812269 42433569 1 
40.7839863 -73.9703136 42421800 1 
40.784623 -73.9698495 42424851 1 
40.7833527 -73.9707754 42435308 1 
40.7851818 -73.9731496 42421803 1 
40.7852953 -73.9693361 7106818626 1 
40.7858165 -73.9726992 42443349 1 
40.7827169 -73.9712389 42433564 1 
40.7845451 -73.9736127 42437300 1 
40.7863627 -73.9759753 42421806 1 
40.7857321 -73.9764355 42437305 1 
40.7870011 -73.9755093 42442475 1 
40.7870136 -73.9775173 1061531683 1 
40.7864893 -73.9721836 42443353 1 
40.7876288 -73.9769983 1061531839 1 
40.7857621 -73.9765064 6929267035 1 
40.7854403 -73.9766486 6929267014 1 
40.7870877 -73.9776927 42421809 1 
40.7863831 -73.9779778 1061531550 1 
40.7864652 -73.9781723 42428663 1 
40.7869302 -73.979276 42431030 1 
40.7692904 -73.9810473 42421969 1 
40.7699082 -73.9805847 5706568625 1 
40.7696966 -73.9820135 1061531777 1 
40.768285 -73.9814257 4347550065 1 
40.7705326 -73.9801178 42435253 1 
40.7705208 -73.9820408 1061531509 1 
40.7681112 -73.9813499 4347550071 1 
40.766876 -73.979076 42423674 1 
40.7675992 -73.980785 4347550074 1 
40.7656797 -73.976244 42430394 1 
40.7662134 -73.9795321 42440025 1 
40.7676813 -73.9817558 1825841693 1 
40.7650275 -73.9766802 42430390 1 
40.7645735 -73.973627 4347534767 1 
40.7671354 -73.9817493 42428332 1 
40.765521 -73.980036 42440022 1 
40.7794868 -73.9735933 42424225 1 
40.7806762 -73.9764438 42438859 1 
40.7788106 -73.9740821 42435301 1 
40.7818365 -73.9792791 42438862 1 
40.7799947 -73.9769106 42443346 1 
40.7781691 -73.9745457 42435295 1 
40.7859697 -73.9688398 7106818623 1 
40.7636614 -73.973478 42427762 1 
40.7629676 -73.9718686 42445947 1 
40.7629723 -73.9739744 42432818 1 
40.7639334 -73.974111 42427764 1 
40.7642759 -73.9730268 5706568771 1 
40.7622945 -73.9723653 42432825 1 
40.7623321 -73.9703698 596775941 1 
40.7635968 -73.9714153 42445950 1 
40.764324 -73.977196 42430384 1 
40.7622903 -73.9744717 42431544 1 
40.7648994 -73.9725244 4347534783 1 
40.7824641 -73.9788209 42428063 1 
40.7831278 -73.9803916 1061531803 1 
40.782439 -73.98073 1061531695 1 
40.7811846 -73.9797549 42442459 1 
40.7825164 -73.9809212 42428648 1 
40.7818019 -73.9811764 42428645 1 
40.7663007 -73.9818927 42428329 1 
40.7648393 -73.9805314 42431549 1 
40.7636495 -73.977693 42430378 1 
40.7642332 -73.9809718 42440020 1 
40.7795842 -73.9818317 42428637 1 
40.778601 -73.98161 6207264908 1 
40.7803332 -73.9816348 42428640 1 
40.779499 -73.9816284 1061531757 1 
40.7792833 -73.9811165 42432564 1 
40.7774164 -73.9787995 42443336 1 
40.7778592 -73.9819708 1996323622 1 
40.780251 -73.9814398 1061531500 1 
40.7810582 -73.9814257 42428643 1 
40.7799273 -73.9806725 42442445 1 
40.7809783 -73.9812259 1061531634 1 
40.7817194 -73.9809824 1061531566 1 
40.780561 -73.98021 42442451 1 
40.7857389 -73.9784606 1061531818 1 
40.7850879 -73.9769058 42433567 1 
40.766767 -73.971189 42429970 1 
40.766143 -73.971648 42456683 1 
40.7660912 -73.9695848 42429971 1 
40.767394 -73.970728 42431649 1 
40.765518 -73.972099 42436510 1 
40.7654664 -73.9700424 42445961 1 
40.7667187 -73.969127 42431650 1 
40.7654644 -73.9680854 596775998 1 
40.768025 -73.970281 42455662 1 
40.7673451 -73.9686697 42445972 1 
40.7648423 -73.9704968 42436511 1 
40.7648371 -73.9685426 596775985 1 
40.7647425 -73.9683181 42459114 1 
40.758645 -73.981341 42430352 1 
40.7566562 -73.9785239 42452353 1 
40.7572683 -73.9780788 42443528 1 
40.7592744 -73.9808828 42430356 1 
40.7560271 -73.9789829 42434072 1 
40.7560008 -73.9769848 42445924 1 
40.7579096 -73.9776624 42432580 1 
40.7566054 -73.9765162 42445926 1 
40.7599106 -73.9804176 42430358 1 
40.7585437 -73.9772064 42440153 1 
40.7605248 -73.9799722 42430361 1 
40.7572354 -73.9760473 42438881 1 
40.7578582 -73.975593 42445928 1 
40.7591757 -73.9767414 42440452 1 
40.7611595 -73.9795104 42430363 1 
40.7617737 -73.9790635 42430367 1 
40.7597993 -73.9762894 42446353 1 
40.7584878 -73.9751336 42440453 1 
40.7635954 -73.9814328 42440015 1 
40.7623991 -73.9786085 42430371 1 
40.7604084 -73.9758441 42436700 1 
40.7591136 -73.9746825 42445930 1 
40.7610471 -73.9753806 42450426 1 
40.7630416 -73.978141 42430375 1 
40.7597325 -73.974231 42436701 1 
40.7616758 -73.9749271 42440951 1 
40.7603711 -73.9737664 42445936 1 
40.7609986 -73.9733102 42445941 1 
40.7616156 -73.9728581 42443612 1 
40.7609893 -73.9713485 596775951 1 
40.768646 -73.969825 42447228 1 
40.768863 -73.9723222 42457788 1 
40.7679674 -73.9682154 42445976 1 
40.752801 -73.9813316 42432436 1 
40.752139 -73.9797724 42432438 1 
40.7515248 -73.9802194 42445914 1 
40.7534662 -73.9808458 42437358 1 
40.7515077 -73.9782906 561042200 1 
40.752813 -73.9792901 42445916 1 
40.7509044 -73.9806735 42445651 1 
40.7508917 -73.9787155 561042198 1 
40.7541471 -73.9803492 42454428 1 
40.7514093 -73.978048 8122411159 1 
40.7514371 -73.9760571 42446959 1 
40.7534952 -73.9788134 42445917 1 
40.7507724 -73.9765282 42432444 1 
40.7508017 -73.9784911 42453005 1 
40.7507646 -73.9744614 42449945 1 
40.7503595 -73.978829 561042197 1 
40.7508351 -73.9785736 561042199 1 
40.750494 -73.971713 42442939 1 
40.7514397 -73.9739491 42449947 1 
40.752116 -73.975558 42446971 1 
40.7768992 -73.9754636 42432556 1 
40.7781029 -73.9783055 42432558 1 
40.7762242 -73.9759643 42435275 1 
40.7775416 -73.9749993 42435283 1 
40.7787465 -73.9778546 42443341 1 
40.7755436 -73.9764617 42435272 1 
40.7767307 -73.9793024 42437384 1 
40.7793715 -73.9773846 42443344 1 
40.7566036 -73.9745379 596775867 1 
40.755396 -73.9794472 42432693 1 
40.7547628 -73.9799024 42443556 1 
40.7547483 -73.9778974 42444043 1 
40.7541119 -73.9783597 42445920 1 
40.7553817 -73.9774351 42434074 1 
40.754349 -73.976974 42443810 1 
40.7616583 -73.9708621 596775935 1 
40.7615712 -73.9706553 42432834 1 
40.7622514 -73.9701425 42456598 1 
40.7609292 -73.9691318 42432847 1 
40.760902 -73.9711418 42443613 1 
40.7616133 -73.9686254 42447007 1 
40.7628745 -73.9696819 42448317 1 
40.7602528 -73.9696237 42443614 1 
40.7602891 -73.9716163 42448338 1 
40.7589726 -73.9684947 42448379 1 
40.7596371 -73.970072 4862610026 1 
40.7622342 -73.9681649 42447009 1 
40.7549743 -73.9765158 42434077 1 
40.7555998 -73.9760595 42443811 1 
40.7547275 -73.9759269 596775840 1 
40.75535 -73.9754495 42457476 1 
40.753717 -73.977432 42443807 1 
40.753367 -73.974648 42444049 1 
40.7546316 -73.975696 100522741 1 
40.7521935 -73.9776193 9140654137 1 
40.7539937 -73.9741902 42434085 1 
40.7533179 -73.972581 42434087 1 
40.7546125 -73.9737345 42446986 1 
40.752741 -73.975102 42446977 1 
40.7526916 -73.9730372 42444051 1 
40.7539308 -73.9721346 42449954 1 
40.752379 -73.970341 42434090 1 
40.7552643 -73.9752404 100522728 1 
40.7552316 -73.9732717 42446987 1 
40.7529834 -73.9699017 42442948 1 
40.7545696 -73.9716693 42448813 1 
40.751748 -73.970804 42442947 1 
40.7513685 -73.9679588 42434092 1 
40.7520641 -73.9734943 42449948 1 
40.751122 -73.971263 42442943 1 
40.7507446 -73.9684124 42444055 1 
40.753624 -73.969431 42442949 1 
40.7871744 -73.9716995 42434158 1 
40.7866031 -73.96839 7106818627 1 
40.7872303 -73.9679486 42421993 0 
40.7713467 -73.9820525 1061531447 1 
40.7711601 -73.9796574 42435257 1 
40.7717838 -73.9791976 7802856365 1 
40.7717082 -73.9776645 247223720 1 
40.7736063 -73.9815845 3718672443 1 
40.7724192 -73.9787354 7802856352 1 
40.7749174 -73.9769145 7802856356 1 
40.7761092 -73.9797528 42443332 1 
40.7742906 -73.9773742 7802856372 1 
40.7642266 -73.9709716 42445953 1 
40.7642073 -73.9689907 596775930 1 
40.7635803 -73.9694372 6177439752 1 
40.7641179 -73.9687667 42436514 1 
40.7634876 -73.9692162 6177439750 1 
40.7591042 -73.9727194 596775900 1 
40.759727 -73.9722665 596775919 1 
40.7584833 -73.9731489 596775914 1 
40.7590168 -73.9725124 42436703 1 
40.7596398 -73.9720595 42456611 1 
40.7583747 -73.9709918 42436705 1 
40.7584104 -73.9729803 42452875 1 
40.7590024 -73.970533 42446998 1 
40.7577574 -73.9714431 42446994 1 
40.7577006 -73.9693886 42436707 1 
40.7577641 -73.9734231 42440456 1 
40.7571246 -73.9719073 42440459 1 
40.7570938 -73.9698433 42449961 1 
40.7583428 -73.9689612 42449963 1 
40.7564471 -73.9703016 42440463 1 
40.7555038 -73.9680652 42440465 1 
40.7754797 -73.9802121 42443329 1 
40.7770521 -73.9820009 1061531597 1 
40.769271 -73.969365 42437423 1 
40.771147 -73.967994 42429680 0 
40.7572227 -73.9740877 596775870 1 
40.755973 -73.9749965 596775882 1 
40.756516 -73.9743304 42438886 1 
40.7571346 -73.9738807 42459098 1 
40.75587 -73.97282 42438889 1 
40.755886 -73.9747884 42448811 1 
40.756498 -73.972362 42446991 1 
40.7551946 -73.971214 42438891 1 
40.7558255 -73.9707545 42449956 1 
40.754251 -73.968978 42438894 1 
40.754877 -73.96852 42442952 1 
40.7578515 -73.9736304 596775876 1 
40.7603595 -73.9717819 596775907 1 
40.7748544 -73.9806716 42443326 1 
40.774231 -73.9811332 4557495130 1 
40.7736587 -73.9778332 7802856349 1 
40.7762516 -73.9820341 1061531608 1 
40.7730308 -73.9782852 7802856341 1 
40.750282 -73.981123 42445910 0 
40.7502633 -73.9791466 561042195 1 
40.7508213 -73.978747 3639382768 1 
40.7508732 -73.97867 3639382767 1 
40.7629603 -73.9699061 596775946 1 
40.7509627 -73.9785244 100522479 1 
511
42421769 42443347 86.178 16.666666666666668 3 3 1 2 
1 0 0 0 1 0 0 0 1 
1 0 0 0 1 0 0 0 1 
42421769 42421772 271.702 8.333333333333334 3 3 3 4 
1 0 0 0 1 0 0 0 1 
1 0 0 0 1 0 0 0 1 
42421769 42443280 78.13199999999999 16.666666666666668 3 3 5 6 
1 0 0 0 1 0 0 0 1 
1 0 0 0 1 0 0 0 1 
42443347 42428061 86.422 16.666666666666668 3 3 7 8 
1 0 0 0 1 0 0 0 1 
1 0 0 0 1 0 0 0 1 
42443347 42442463 272.594 13.88888888888889 3 3 9 10 
1 0 0 0 1 0 0 0 1 
1 0 0 0 1 0 0 0 1 
42421772 6929267030 43.714 16.666666666666668 3 3 11 12 
1 0 0 0 1 0 0 0 1 
1 0 0 0 1 0 0 0 1 
42421772 42442463 86.241 16.666666666666668 3 3 13 14 
1 0 0 0 1 0 0 0 1 
1 0 0 0 1 0 0 0 1 
42421772 1061531525 152.26099999999997 8.333333333333334 3 3 15 16 
1 0 0 0 1 0 0 0 1 
1 0 0 0 1 0 0 0 1 
42443280 42427915 274.427 13.88888888888889 3 3 17 18 
1 0 0 0 1 0 0 0 1 
1 0 0 0 1 0 0 0 1 
42443280 42433565 82.846 16.666666666666668 3 3 19 20 
1 0 0 0 1 0 0 0 1 
1 0 0 0 1 0 0 0 1 
42443280 42442469 272.599 13.88888888888889 3 3 21 22 
1 0 0 0 1 0 0 0 1 
1 0 0 0 1 0 0 0 1 
42428061 42438859 76.899 16.666666666666668 3 3 23 24 
1 0 0 0 1 0 0 0 1 
1 0 0 0 1 0 0 0 1 
42428061 42428063 271.694 8.333333333333334 3 3 25 26 
1 0 0 0 1 0 0 0 1 
1 0 0 0 1 0 0 0 1 
42442463 6929267015 5.424 13.88888888888889 3 3 27 28 
1 0 0 0 1 0 0 0 1 
1 0 0 0 1 0 0 0 1 
42442463 6929267036 52.497 16.666666666666668 3 3 29 30 
1 0 0 0 1 0 0 0 1 
1 0 0 0 1 0 0 0 1 
6929267030 42442469 36.933 16.666666666666668 3 3 31 32 
1 0 0 0 1 0 0 0 1 
1 0 0 0 1 0 0 0 1 
6929267030 6929267009 38.093 16.666666666666668 3 3 33 34 
1 0 0 0 1 0 0 0 1 
1 0 0 0 1 0 0 0 1 
1061531525 42421775 17.096 8.333333333333334 3 3 35 36 
1 0 0 0 1 0 0 0 1 
1 0 0 0 1 0 0 0 1 
1061531525 1061531454 86.348 16.666666666666668 3 3 37 38 
1 0 0 0 1 0 0 0 1 
1 0 0 0 1 0 0 0 1 
1061531525 1061531645 80.21100000000001 16.666666666666668 3 3 39 40 
1 0 0 0 1 0 0 0 1 
1 0 0 0 1 0 0 0 1 
42427915 42424225 323.759 13.88888888888889 3 3 41 42 
1 0 0 0 1 0 0 0 1 
1 0 0 0 1 0 0 0 1 
42427915 42433564 86.541 13.88888888888889 3 3 43 44 
1 0 0 0 1 0 0 0 1 
1 0 0 0 1 0 0 0 1 
42433565 42437300 81.38300000000001 16.666666666666668 3 3 45 46 
1 0 0 0 1 0 0 0 1 
1 0 0 0 1 0 0 0 1 
42433565 42433564 273.38800000000003 8.333333333333334 3 3 47 48 
1 0 0 0 1 0 0 0 1 
1 0 0 0 1 0 0 0 1 
42433565 42433567 271.73 8.333333333333334 3 3 49 50 
1 0 0 0 1 0 0 0 1 
1 0 0 0 1 0 0 0 1 
42442469 42433567 79.418 16.666666666666668 3 3 51 52 
1 0 0 0 1 0 0 0 1 
1 0 0 0 1 0 0 0 1 
42442469 6929267009 7.11 8.333333333333334 3 3 53 54 
1 0 0 0 1 0 0 0 1 
1 0 0 0 1 0 0 0 1 
6929267009 1061531645 144.54 8.333333333333334 3 3 55 56 
1 0 0 0 1 0 0 0 1 
1 0 0 0 1 0 0 0 1 
6929267015 6929267036 53.807 16.666666666666668 3 3 57 58 
1 0 0 0 1 0 0 0 1 
1 0 0 0 1 0 0 0 1 
6929267015 1061531454 146.439 13.88888888888889 3 3 59 60 
1 0 0 0 1 0 0 0 1 
1 0 0 0 1 0 0 0 1 
6929267036 42428063 34.547 16.666666666666668 3 3 61 62 
1 0 0 0 1 0 0 0 1 
1 0 0 0 1 0 0 0 1 
42421775 42428653 86.20799999999998 16.666666666666668 3 3 63 64 
1 0 0 0 1 0 0 0 1 
1 0 0 0 1 0 0 0 1 
42421775 42421776 104.477 8.333333333333334 3 3 65 66 
1 0 0 0 1 0 0 0 1 
1 0 0 0 1 0 0 0 1 
42421775 42428657 80.203 16.666666666666668 3 3 67 68 
1 0 0 0 1 0 0 0 1 
1 0 0 0 1 0 0 0 1 
1061531454 42428653 17.3 13.88888888888889 3 3 69 70 
1 0 0 0 1 0 0 0 1 
1 0 0 0 1 0 0 0 1 
1061531454 1061531803 86.834 16.666666666666668 3 3 71 72 
1 0 0 0 1 0 0 0 1 
1 0 0 0 1 0 0 0 1 
1061531645 42428657 17.795 8.333333333333334 3 3 73 74 
1 0 0 0 1 0 0 0 1 
1 0 0 0 1 0 0 0 1 
1061531645 1061531818 79.41799999999999 16.666666666666668 3 3 75 76 
1 0 0 0 1 0 0 0 1 
1 0 0 0 1 0 0 0 1 
42428653 42428065 87.027 16.666666666666668 3 3 77 78 
1 0 0 0 1 0 0 0 1 
1 0 0 0 1 0 0 0 1 
42428653 42431019 103.758 13.88888888888889 3 3 79 80 
1 0 0 0 1 0 0 0 1 
1 0 0 0 1 0 0 0 1 
42421776 42431024 80.32 13.88888888888889 3 3 81 82 
1 0 0 0 1 0 0 0 1 
1 0 0 0 1 0 0 0 1 
42421776 42431019 86.814 13.88888888888889 3 3 83 84 
1 0 0 0 1 0 0 0 1 
1 0 0 0 1 0 0 0 1 
42421776 42441587 210.277 8.333333333333334 3 3 85 86 
1 0 0 0 1 0 0 0 1 
1 0 0 0 1 0 0 0 1 
42428657 42431024 104.36599999999999 8.333333333333334 3 3 87 88 
1 0 0 0 1 0 0 0 1 
1 0 0 0 1 0 0 0 1 
42428657 42428661 79.513 16.666666666666668 3 3 89 90 
1 0 0 0 1 0 0 0 1 
1 0 0 0 1 0 0 0 1 
42428065 42431019 191.31 8.333333333333334 3 3 91 92 
1 0 0 0 1 0 0 0 1 
1 0 0 0 1 0 0 0 1 
42428065 1061531803 18.204 8.333333333333334 3 3 93 94 
1 0 0 0 1 0 0 0 1 
1 0 0 0 1 0 0 0 1 
42428065 42428648 81.954 16.666666666666668 3 3 95 96 
1 0 0 0 1 0 0 0 1 
1 0 0 0 1 0 0 0 1 
42431024 42441587 119.797 8.333333333333334 3 3 97 98 
1 0 0 0 1 0 0 0 1 
1 0 0 0 1 0 0 0 1 
42431024 42431027 81.031 13.88888888888889 3 3 99 100 
1 0 0 0 1 0 0 0 1 
1 0 0 0 1 0 0 0 1 
42441587 42433569 81.193 13.88888888888889 3 3 101 102 
1 0 0 0 1 0 0 0 1 
1 0 0 0 1 0 0 0 1 
42428661 42428663 82.273 16.666666666666668 3 3 103 104 
1 0 0 0 1 0 0 0 1 
1 0 0 0 1 0 0 0 1 
42428661 1061531818 18.18 8.333333333333334 3 3 105 106 
1 0 0 0 1 0 0 0 1 
1 0 0 0 1 0 0 0 1 
42428661 42431027 106.23400000000001 8.333333333333334 3 3 107 108 
1 0 0 0 1 0 0 0 1 
1 0 0 0 1 0 0 0 1 
42431027 42431030 80.486 13.88888888888889 3 3 109 110 
1 0 0 0 1 0 0 0 1 
1 0 0 0 1 0 0 0 1 
42431027 42433569 141.937 8.333333333333334 3 3 111 112 
1 0 0 0 1 0 0 0 1 
1 0 0 0 1 0 0 0 1 
42433569 42431030 267.63699999999994 8.333333333333334 3 3 113 114 
1 0 0 0 1 0 0 0 1 
1 0 0 0 1 0 0 0 1 
42421800 42424851 80.866 13.88888888888889 3 3 115 116 
1 0 0 0 1 0 0 0 1 
1 0 0 0 1 0 0 0 1 
42421800 42435308 80.471 13.88888888888889 3 3 117 118 
1 0 0 0 1 0 0 0 1 
1 0 0 0 1 0 0 0 1 
42421800 42421803 273.284 8.333333333333334 3 3 119 120 
1 0 0 0 1 0 0 0 1 
1 0 0 0 1 0 0 0 1 
42424851 7106818626 86.368 13.88888888888889 3 3 121 122 
1 0 0 0 1 0 0 0 1 
1 0 0 0 1 0 0 0 1 
42424851 42443349 274.182 8.333333333333334 3 3 123 124 
1 0 0 0 1 0 0 0 1 
1 0 0 0 1 0 0 0 1 
42435308 42433564 80.75300000000001 13.88888888888889 3 3 125 126 
1 0 0 0 1 0 0 0 1 
1 0 0 0 1 0 0 0 1 
42435308 42437300 273.214 8.333333333333334 3 3 127 128 
1 0 0 0 1 0 0 0 1 
1 0 0 0 1 0 0 0 1 
42421803 42437300 80.824 16.666666666666668 3 3 129 130 
1 0 0 0 1 0 0 0 1 
1 0 0 0 1 0 0 0 1 
42421803 42421806 271.734 8.333333333333334 3 3 131 132 
1 0 0 0 1 0 0 0 1 
1 0 0 0 1 0 0 0 1 
42421803 42443349 80.127 16.666666666666668 3 3 133 134 
1 0 0 0 1 0 0 0 1 
1 0 0 0 1 0 0 0 1 
7106818626 42443353 274.04699999999997 13.88888888888889 3 3 135 136 
1 0 0 0 1 0 0 0 1 
1 0 0 0 1 0 0 0 1 
7106818626 7106818623 85.84599999999999 13.88888888888889 3 3 137 138 
1 0 0 0 1 0 0 0 1 
1 0 0 0 1 0 0 0 1 
42443349 42442475 270.783 8.333333333333334 3 3 139 140 
1 0 0 0 1 0 0 0 1 
1 0 0 0 1 0 0 0 1 
42443349 42443353 86.494 16.666666666666668 3 3 141 142 
1 0 0 0 1 0 0 0 1 
1 0 0 0 1 0 0 0 1 
42437300 42437305 271.851 8.333333333333334 3 3 143 144 
1 0 0 0 1 0 0 0 1 
1 0 0 0 1 0 0 0 1 
42421806 42442475 81.107 16.666666666666668 3 3 145 146 
1 0 0 0 1 0 0 0 1 
1 0 0 0 1 0 0 0 1 
42421806 42437305 80.112 16.666666666666668 3 3 147 148 
1 0 0 0 1 0 0 0 1 
1 0 0 0 1 0 0 0 1 
42421806 1061531683 148.63500000000002 8.333333333333334 3 3 149 150 
1 0 0 0 1 0 0 0 1 
1 0 0 0 1 0 0 0 1 
42437305 6929267035 6.838 8.333333333333334 3 3 151 152 
1 0 0 0 1 0 0 0 1 
1 0 0 0 1 0 0 0 1 
42437305 6929267014 37.077 16.666666666666668 3 3 153 154 
1 0 0 0 1 0 0 0 1 
1 0 0 0 1 0 0 0 1 
42442475 42443353 362.857 13.88888888888889 3 3 155 156 
1 0 0 0 1 0 0 0 1 
1 0 0 0 1 0 0 0 1 
42442475 1061531839 143.48 8.333333333333334 3 3 157 158 
1 0 0 0 1 0 0 0 1 
1 0 0 0 1 0 0 0 1 
1061531683 42421809 16.91 8.333333333333334 3 3 159 160 
1 0 0 0 1 0 0 0 1 
1 0 0 0 1 0 0 0 1 
1061531683 1061531550 80.122 16.666666666666668 3 3 161 162 
1 0 0 0 1 0 0 0 1 
1 0 0 0 1 0 0 0 1 
1061531683 1061531839 81.171 16.666666666666668 3 3 163 164 
1 0 0 0 1 0 0 0 1 
1 0 0 0 1 0 0 0 1 
42443353 42434158 86.40100000000001 16.666666666666668 3 3 165 166 
1 0 0 0 1 0 0 0 1 
1 0 0 0 1 0 0 0 1 
1061531839 42421809 97.79100000000001 8.333333333333334 3 3 167 168 
1 0 0 0 1 0 0 0 1 
1 0 0 0 1 0 0 0 1 
6929267035 1061531550 141.826 8.333333333333334 3 3 169 170 
1 0 0 0 1 0 0 0 1 
1 0 0 0 1 0 0 0 1 
6929267035 6929267014 38.181 16.666666666666668 3 3 171 172 
1 0 0 0 1 0 0 0 1 
1 0 0 0 1 0 0 0 1 
6929267014 42433567 44.77 16.666666666666668 3 3 173 174 
1 0 0 0 1 0 0 0 1 
1 0 0 0 1 0 0 0 1 
42421809 42428663 80.136 16.666666666666668 3 3 175 176 
1 0 0 0 1 0 0 0 1 
1 0 0 0 1 0 0 0 1 
42421809 42431030 188.937 8.333333333333334 3 3 177 178 
1 0 0 0 1 0 0 0 1 
1 0 0 0 1 0 0 0 1 
1061531550 42428663 18.748 8.333333333333334 3 3 179 180 
1 0 0 0 1 0 0 0 1 
1 0 0 0 1 0 0 0 1 
1061531550 1061531818 82.363 16.666666666666668 3 3 181 182 
1 0 0 0 1 0 0 0 1 
1 0 0 0 1 0 0 0 1 
42428663 42431030 106.342 8.333333333333334 3 3 183 184 
1 0 0 0 1 0 0 0 1 
1 0 0 0 1 0 0 0 1 
42421969 5706568625 78.97999999999999 13.88888888888889 3 3 185 186 
1 0 0 0 1 0 0 0 1 
1 0 0 0 1 0 0 0 1 
42421969 1061531777 93.063 8.333333333333334 3 3 187 188 
1 0 0 0 1 0 0 0 1 
1 0 0 0 1 0 0 0 1 
42421969 4347550065 122.801 13.88888888888889 3 3 189 190 
1 0 0 0 1 0 0 0 1 
1 0 0 0 1 0 0 0 1 
5706568625 42435253 79.828 13.88888888888889 3 3 191 192 
1 0 0 0 1 0 0 0 1 
1 0 0 0 1 0 0 0 1 
5706568625 1061531509 140.272 13.88888888888889 3 3 193 194 
1 0 0 0 1 0 0 0 1 
1 0 0 0 1 0 0 0 1 
1061531777 1061531509 91.676 16.666666666666668 3 3 195 196 
1 0 0 0 1 0 0 0 1 
1 0 0 0 1 0 0 0 1 
1061531777 4347550065 182.09300000000002 16.666666666666668 3 3 197 198 
1 0 0 0 1 0 0 0 1 
1 0 0 0 1 0 0 0 1 
4347550065 4347550071 20.551 16.666666666666668 3 3 199 200 
1 0 0 0 1 0 0 0 1 
1 0 0 0 1 0 0 0 1 
42435253 1061531447 186.402 8.333333333333334 3 3 201 202 
1 0 0 0 1 0 0 0 1 
1 0 0 0 1 0 0 0 1 
42435253 42435257 79.836 13.88888888888889 3 3 203 204 
1 0 0 0 1 0 0 0 1 
1 0 0 0 1 0 0 0 1 
1061531509 1061531447 91.84700000000001 16.666666666666668 3 3 205 206 
1 0 0 0 1 0 0 0 1 
1 0 0 0 1 0 0 0 1 
4347550071 4347550074 77.74499999999999 13.88888888888889 3 3 207 208 
1 0 0 0 1 0 0 0 1 
1 0 0 0 1 0 0 0 1 
4347550071 1825841693 61.44099999999999 16.666666666666668 3 3 209 210 
1 0 0 0 1 0 0 0 1 
1 0 0 0 1 0 0 0 1 
42423674 4347550074 164.868 13.88888888888889 3 3 211 212 
1 0 0 0 1 0 0 0 1 
1 0 0 0 1 0 0 0 1 
42423674 42430394 273.096 13.88888888888889 3 3 213 214 
1 0 0 0 1 0 0 0 1 
1 0 0 0 1 0 0 0 1 
42423674 42440025 83.089 13.88888888888889 3 3 215 216 
1 0 0 0 1 0 0 0 1 
1 0 0 0 1 0 0 0 1 
4347550074 1825841693 86.08000000000001 13.88888888888889 3 3 217 218 
1 0 0 0 1 0 0 0 1 
1 0 0 0 1 0 0 0 1 
42430394 42430390 81.463 13.88888888888889 3 3 219 220 
1 0 0 0 1 0 0 0 1 
1 0 0 0 1 0 0 0 1 
42430394 4347534767 252.401 13.88888888888889 3 3 221 222 
1 0 0 0 1 0 0 0 1 
1 0 0 0 1 0 0 0 1 
42440025 42428332 213.024 8.333333333333334 3 3 223 224 
1 0 0 0 1 0 0 0 1 
1 0 0 0 1 0 0 0 1 
42440025 42430390 273.999 8.333333333333334 3 3 225 226 
1 0 0 0 1 0 0 0 1 
1 0 0 0 1 0 0 0 1 
42440025 42440022 87.913 13.88888888888889 3 3 227 228 
1 0 0 0 1 0 0 0 1 
1 0 0 0 1 0 0 0 1 
1825841693 42428332 77.514 16.666666666666668 3 3 229 230 
1 0 0 0 1 0 0 0 1 
1 0 0 0 1 0 0 0 1 
42430390 42427764 248.232 8.333333333333334 3 3 231 232 
1 0 0 0 1 0 0 0 1 
1 0 0 0 1 0 0 0 1 
42430390 42430384 89.478 13.88888888888889 3 3 233 234 
1 0 0 0 1 0 0 0 1 
1 0 0 0 1 0 0 0 1 
4347534767 42427764 82.021 8.333333333333334 3 3 235 236 
1 0 0 0 1 0 0 0 1 
1 0 0 0 1 0 0 0 1 
4347534767 5706568771 60.748999999999995 13.88888888888889 3 3 237 238 
1 0 0 0 1 0 0 0 1 
1 0 0 0 1 0 0 0 1 
4347534767 4347534783 131.666 13.88888888888889 3 3 239 240 
1 0 0 0 1 0 0 0 1 
1 0 0 0 1 0 0 0 1 
42428332 42428329 93.597 16.666666666666668 3 3 241 242 
1 0 0 0 1 0 0 0 1 
1 0 0 0 1 0 0 0 1 
42440022 42428329 178.807 16.666666666666668 3 3 243 244 
1 0 0 0 1 0 0 0 1 
1 0 0 0 1 0 0 0 1 
42440022 42430384 273.721 16.666666666666668 3 3 245 246 
1 0 0 0 1 0 0 0 1 
1 0 0 0 1 0 0 0 1 
42440022 42431549 86.52499999999999 13.88888888888889 3 3 247 248 
1 0 0 0 1 0 0 0 1 
1 0 0 0 1 0 0 0 1 
42424225 42438859 274.153 8.333333333333334 3 3 249 250 
1 0 0 0 1 0 0 0 1 
1 0 0 0 1 0 0 0 1 
42424225 42435301 85.718 13.88888888888889 3 3 251 252 
1 0 0 0 1 0 0 0 1 
1 0 0 0 1 0 0 0 1 
42438859 42438862 272.05699999999996 8.333333333333334 3 3 253 254 
1 0 0 0 1 0 0 0 1 
1 0 0 0 1 0 0 0 1 
42438859 42443346 85.378 16.666666666666668 3 3 255 256 
1 0 0 0 1 0 0 0 1 
1 0 0 0 1 0 0 0 1 
42435301 42435295 81.314 13.88888888888889 3 3 257 258 
1 0 0 0 1 0 0 0 1 
1 0 0 0 1 0 0 0 1 
42435301 42443346 272.133 8.333333333333334 3 3 259 260 
1 0 0 0 1 0 0 0 1 
1 0 0 0 1 0 0 0 1 
42438862 42428063 79.74 16.666666666666668 3 3 261 262 
1 0 0 0 1 0 0 0 1 
1 0 0 0 1 0 0 0 1 
42438862 1061531695 139.327 8.333333333333334 3 3 263 264 
1 0 0 0 1 0 0 0 1 
1 0 0 0 1 0 0 0 1 
42438862 42442459 82.822 16.666666666666668 3 3 265 266 
1 0 0 0 1 0 0 0 1 
1 0 0 0 1 0 0 0 1 
42443346 42443344 79.96799999999999 16.666666666666668 3 3 267 268 
1 0 0 0 1 0 0 0 1 
1 0 0 0 1 0 0 0 1 
42443346 42442459 273.606 8.333333333333334 3 3 269 270 
1 0 0 0 1 0 0 0 1 
1 0 0 0 1 0 0 0 1 
42435295 42435283 79.544 13.88888888888889 3 3 271 272 
1 0 0 0 1 0 0 0 1 
1 0 0 0 1 0 0 0 1 
42435295 42443344 273.89000000000004 8.333333333333334 3 3 273 274 
1 0 0 0 1 0 0 0 1 
1 0 0 0 1 0 0 0 1 
7106818623 42434158 275.519 8.333333333333334 3 3 275 276 
1 0 0 0 1 0 0 0 1 
1 0 0 0 1 0 0 0 1 
7106818623 7106818627 79.967 13.88888888888889 3 3 277 278 
1 0 0 0 1 0 0 0 1 
1 0 0 0 1 0 0 0 1 
42427762 42445947 155.992 8.333333333333334 3 3 279 280 
1 0 0 0 1 0 0 0 1 
1 0 0 0 1 0 0 0 1 
42427762 42432818 87.293 13.88888888888889 3 3 281 282 
1 0 0 0 1 0 0 0 1 
1 0 0 0 1 0 0 0 1 
42427762 42427764 61.294 8.333333333333334 3 3 283 284 
1 0 0 0 1 0 0 0 1 
1 0 0 0 1 0 0 0 1 
42427762 5706568771 78.215 13.88888888888889 3 3 285 286 
1 0 0 0 1 0 0 0 1 
1 0 0 0 1 0 0 0 1 
42445947 42432825 85.747 13.88888888888889 3 3 287 288 
1 0 0 0 1 0 0 0 1 
1 0 0 0 1 0 0 0 1 
42445947 596775941 144.666 8.333333333333334 3 3 289 290 
1 0 0 0 1 0 0 0 1 
1 0 0 0 1 0 0 0 1 
42445947 42445950 79.714 13.88888888888889 3 3 291 292 
1 0 0 0 1 0 0 0 1 
1 0 0 0 1 0 0 0 1 
42432818 42430384 310.173 16.666666666666668 3 3 293 294 
1 0 0 0 1 0 0 0 1 
1 0 0 0 1 0 0 0 1 
42432818 42431544 86.632 13.88888888888889 3 3 295 296 
1 0 0 0 1 0 0 0 1 
1 0 0 0 1 0 0 0 1 
42432818 42432825 155.068 16.666666666666668 3 3 297 298 
1 0 0 0 1 0 0 0 1 
1 0 0 0 1 0 0 0 1 
5706568771 42445950 155.324 13.88888888888889 3 3 299 300 
1 0 0 0 1 0 0 0 1 
1 0 0 0 1 0 0 0 1 
5706568771 4347534783 82.116 13.88888888888889 3 3 301 302 
1 0 0 0 1 0 0 0 1 
1 0 0 0 1 0 0 0 1 
42432825 42443612 86.148 13.88888888888889 3 3 303 304 
1 0 0 0 1 0 0 0 1 
1 0 0 0 1 0 0 0 1 
42432825 596775935 145.027 16.666666666666668 3 3 305 306 
1 0 0 0 1 0 0 0 1 
1 0 0 0 1 0 0 0 1 
596775941 596775935 85.631 13.88888888888889 3 3 307 308 
1 0 0 0 1 0 0 0 1 
1 0 0 0 1 0 0 0 1 
596775941 42456598 21.142 8.333333333333334 3 3 309 310 
1 0 0 0 1 0 0 0 1 
1 0 0 0 1 0 0 0 1 
596775941 596775946 80.029 13.88888888888889 3 3 311 312 
1 0 0 0 1 0 0 0 1 
1 0 0 0 1 0 0 0 1 
42445950 42445953 79.48000000000002 13.88888888888889 3 3 313 314 
1 0 0 0 1 0 0 0 1 
1 0 0 0 1 0 0 0 1 
42445950 596775946 145.485 13.88888888888889 3 3 315 316 
1 0 0 0 1 0 0 0 1 
1 0 0 0 1 0 0 0 1 
42430384 42430378 85.891 13.88888888888889 3 3 317 318 
1 0 0 0 1 0 0 0 1 
1 0 0 0 1 0 0 0 1 
42431544 42430378 310.559 8.333333333333334 3 3 319 320 
1 0 0 0 1 0 0 0 1 
1 0 0 0 1 0 0 0 1 
42431544 42440951 78.358 13.88888888888889 3 3 321 322 
1 0 0 0 1 0 0 0 1 
1 0 0 0 1 0 0 0 1 
42431544 42443612 155.234 8.333333333333334 3 3 323 324 
1 0 0 0 1 0 0 0 1 
1 0 0 0 1 0 0 0 1 
4347534783 42436510 77.62100000000001 13.88888888888889 3 3 325 326 
1 0 0 0 1 0 0 0 1 
1 0 0 0 1 0 0 0 1 
4347534783 42445953 150.712 13.88888888888889 3 3 327 328 
1 0 0 0 1 0 0 0 1 
1 0 0 0 1 0 0 0 1 
42428063 1061531803 151.445 8.333333333333334 3 3 329 330 
1 0 0 0 1 0 0 0 1 
1 0 0 0 1 0 0 0 1 
1061531803 1061531695 81.751 16.666666666666668 3 3 331 332 
1 0 0 0 1 0 0 0 1 
1 0 0 0 1 0 0 0 1 
1061531695 42428648 18.255 8.333333333333334 3 3 333 334 
1 0 0 0 1 0 0 0 1 
1 0 0 0 1 0 0 0 1 
1061531695 1061531566 82.79100000000001 16.666666666666668 3 3 335 336 
1 0 0 0 1 0 0 0 1 
1 0 0 0 1 0 0 0 1 
42442459 1061531566 119.239 8.333333333333334 3 3 337 338 
1 0 0 0 1 0 0 0 1 
1 0 0 0 1 0 0 0 1 
42442459 42442451 79.225 16.666666666666668 3 3 339 340 
1 0 0 0 1 0 0 0 1 
1 0 0 0 1 0 0 0 1 
42428648 42428645 82.309 16.666666666666668 3 3 341 342 
1 0 0 0 1 0 0 0 1 
1 0 0 0 1 0 0 0 1 
42428645 42428643 85.32000000000001 16.666666666666668 3 3 343 344 
1 0 0 0 1 0 0 0 1 
1 0 0 0 1 0 0 0 1 
42428645 1061531566 18.734 8.333333333333334 3 3 345 346 
1 0 0 0 1 0 0 0 1 
1 0 0 0 1 0 0 0 1 
42428329 42431549 238.288 8.333333333333334 3 3 347 348 
1 0 0 0 1 0 0 0 1 
1 0 0 0 1 0 0 0 1 
42431549 42430378 273.219 8.333333333333334 3 3 349 350 
1 0 0 0 1 0 0 0 1 
1 0 0 0 1 0 0 0 1 
42431549 42440020 76.92800000000001 13.88888888888889 3 3 351 352 
1 0 0 0 1 0 0 0 1 
1 0 0 0 1 0 0 0 1 
42430378 42430375 77.413 13.88888888888889 3 3 353 354 
1 0 0 0 1 0 0 0 1 
1 0 0 0 1 0 0 0 1 
42440020 42440015 80.85300000000001 13.88888888888889 3 3 355 356 
1 0 0 0 1 0 0 0 1 
1 0 0 0 1 0 0 0 1 
42440020 42430375 272.76 8.333333333333334 3 3 357 358 
1 0 0 0 1 0 0 0 1 
1 0 0 0 1 0 0 0 1 
42428637 6207264908 133.188 13.88888888888889 3 3 359 360 
1 0 0 0 1 0 0 0 1 
1 0 0 0 1 0 0 0 1 
42428637 42428640 85.02000000000001 16.666666666666668 3 3 361 362 
1 0 0 0 1 0 0 0 1 
1 0 0 0 1 0 0 0 1 
42428637 1061531757 19.565 8.333333333333334 3 3 363 364 
1 0 0 0 1 0 0 0 1 
1 0 0 0 1 0 0 0 1 
6207264908 42432564 86.523 16.666666666666668 3 3 365 366 
1 0 0 0 1 0 0 0 1 
1 0 0 0 1 0 0 0 1 
6207264908 42443336 270.841 13.88888888888889 3 3 367 368 
1 0 0 0 1 0 0 0 1 
1 0 0 0 1 0 0 0 1 
6207264908 1996323622 98.96199999999999 8.333333333333334 3 3 369 370 
1 0 0 0 1 0 0 0 1 
1 0 0 0 1 0 0 0 1 
42428640 1061531500 18.792 8.333333333333334 3 3 371 372 
1 0 0 0 1 0 0 0 1 
1 0 0 0 1 0 0 0 1 
42428640 42428643 82.51799999999999 16.666666666666668 3 3 373 374 
1 0 0 0 1 0 0 0 1 
1 0 0 0 1 0 0 0 1 
1061531757 42432564 49.327 16.666666666666668 3 3 375 376 
1 0 0 0 1 0 0 0 1 
1 0 0 0 1 0 0 0 1 
1061531757 1061531500 85.238 16.666666666666668 3 3 377 378 
1 0 0 0 1 0 0 0 1 
1 0 0 0 1 0 0 0 1 
42432564 42432558 270.652 8.333333333333334 3 3 379 380 
1 0 0 0 1 0 0 0 1 
1 0 0 0 1 0 0 0 1 
42432564 42442445 80.919 16.666666666666668 3 3 381 382 
1 0 0 0 1 0 0 0 1 
1 0 0 0 1 0 0 0 1 
42443336 42432558 86.934 16.666666666666668 3 3 383 384 
1 0 0 0 1 0 0 0 1 
1 0 0 0 1 0 0 0 1 
42443336 42435275 273.07599999999996 13.88888888888889 3 3 385 386 
1 0 0 0 1 0 0 0 1 
1 0 0 0 1 0 0 0 1 
42443336 42437384 87.216 16.666666666666668 3 3 387 388 
1 0 0 0 1 0 0 0 1 
1 0 0 0 1 0 0 0 1 
1996323622 42437384 257.353 8.333333333333334 3 3 389 390 
1 0 0 0 1 0 0 0 1 
1 0 0 0 1 0 0 0 1 
1996323622 1061531597 89.782 16.666666666666668 3 3 391 392 
1 0 0 0 1 0 0 0 1 
1 0 0 0 1 0 0 0 1 
1061531500 42442445 73.95599999999999 8.333333333333334 3 3 393 394 
1 0 0 0 1 0 0 0 1 
1 0 0 0 1 0 0 0 1 
1061531500 1061531634 82.856 16.666666666666668 3 3 395 396 
1 0 0 0 1 0 0 0 1 
1 0 0 0 1 0 0 0 1 
42428643 1061531634 19.025 8.333333333333334 3 3 397 398 
1 0 0 0 1 0 0 0 1 
1 0 0 0 1 0 0 0 1 
42442445 42443341 271.175 8.333333333333334 3 3 399 400 
1 0 0 0 1 0 0 0 1 
1 0 0 0 1 0 0 0 1 
42442445 42442451 80.509 16.666666666666668 3 3 401 402 
1 0 0 0 1 0 0 0 1 
1 0 0 0 1 0 0 0 1 
1061531634 42442451 97.312 13.88888888888889 3 3 403 404 
1 0 0 0 1 0 0 0 1 
1 0 0 0 1 0 0 0 1 
1061531634 1061531566 84.92 16.666666666666668 3 3 405 406 
1 0 0 0 1 0 0 0 1 
1 0 0 0 1 0 0 0 1 
42442451 42443344 272.194 8.333333333333334 3 3 407 408 
1 0 0 0 1 0 0 0 1 
1 0 0 0 1 0 0 0 1 
1061531818 42433567 149.585 8.333333333333334 3 3 409 410 
1 0 0 0 1 0 0 0 1 
1 0 0 0 1 0 0 0 1 
42429970 42456683 79.42699999999999 13.88888888888889 3 3 411 412 
1 0 0 0 1 0 0 0 1 
1 0 0 0 1 0 0 0 1 
42429970 42429971 154.592 8.333333333333334 3 3 413 414 
1 0 0 0 1 0 0 0 1 
1 0 0 0 1 0 0 0 1 
42429970 42431649 79.8 13.88888888888889 3 3 415 416 
1 0 0 0 1 0 0 0 1 
1 0 0 0 1 0 0 0 1 
42456683 42436510 79.389 13.88888888888889 3 3 417 418 
1 0 0 0 1 0 0 0 1 
1 0 0 0 1 0 0 0 1 
42456683 42445961 154.74 8.333333333333334 3 3 419 420 
1 0 0 0 1 0 0 0 1 
1 0 0 0 1 0 0 0 1 
42429971 42431650 79.71900000000001 13.88888888888889 3 3 421 422 
1 0 0 0 1 0 0 0 1 
1 0 0 0 1 0 0 0 1 
42429971 42445961 79.448 13.88888888888889 3 3 423 424 
1 0 0 0 1 0 0 0 1 
1 0 0 0 1 0 0 0 1 
42429971 596775998 144.233 8.333333333333334 3 3 425 426 
1 0 0 0 1 0 0 0 1 
1 0 0 0 1 0 0 0 1 
42431649 42431650 154.329 8.333333333333334 3 3 427 428 
1 0 0 0 1 0 0 0 1 
1 0 0 0 1 0 0 0 1 
42431649 42455662 79.625 13.88888888888889 3 3 429 430 
1 0 0 0 1 0 0 0 1 
1 0 0 0 1 0 0 0 1 
42436510 42436511 154.442 8.333333333333334 3 3 431 432 
1 0 0 0 1 0 0 0 1 
1 0 0 0 1 0 0 0 1 
42445961 42436511 79.25 13.88888888888889 3 3 433 434 
1 0 0 0 1 0 0 0 1 
1 0 0 0 1 0 0 0 1 
42445961 596775985 144.40099999999998 8.333333333333334 3 3 435 436 
1 0 0 0 1 0 0 0 1 
1 0 0 0 1 0 0 0 1 
42431650 596775998 223.783 8.333333333333334 3 3 437 438 
1 0 0 0 1 0 0 0 1 
1 0 0 0 1 0 0 0 1 
42431650 42445972 79.59 13.88888888888889 3 3 439 440 
1 0 0 0 1 0 0 0 1 
1 0 0 0 1 0 0 0 1 
596775998 42459114 101.66 8.333333333333334 3 3 441 442 
1 0 0 0 1 0 0 0 1 
1 0 0 0 1 0 0 0 1 
596775998 596775985 79.675 13.88888888888889 3 3 443 444 
1 0 0 0 1 0 0 0 1 
1 0 0 0 1 0 0 0 1 
42455662 42445972 155.335 13.88888888888889 3 3 445 446 
1 0 0 0 1 0 0 0 1 
1 0 0 0 1 0 0 0 1 
42455662 42447228 79.012 13.88888888888889 3 3 447 448 
1 0 0 0 1 0 0 0 1 
1 0 0 0 1 0 0 0 1 
42455662 42457788 196.31900000000002 13.88888888888889 3 3 449 450 
1 0 0 0 1 0 0 0 1 
1 0 0 0 1 0 0 0 1 
42445972 42445976 79.069 13.88888888888889 3 3 451 452 
1 0 0 0 1 0 0 0 1 
1 0 0 0 1 0 0 0 1 
42436511 42445953 79.302 13.88888888888889 3 3 453 454 
1 0 0 0 1 0 0 0 1 
1 0 0 0 1 0 0 0 1 
42436511 596775930 145.171 8.333333333333334 3 3 455 456 
1 0 0 0 1 0 0 0 1 
1 0 0 0 1 0 0 0 1 
596775985 596775930 79.552 13.88888888888889 3 3 457 458 
1 0 0 0 1 0 0 0 1 
1 0 0 0 1 0 0 0 1 
596775985 42459114 21.636 8.333333333333334 3 3 459 460 
1 0 0 0 1 0 0 0 1 
1 0 0 0 1 0 0 0 1 
42459114 42436514 79.063 13.88888888888889 3 3 461 462 
1 0 0 0 1 0 0 0 1 
1 0 0 0 1 0 0 0 1 
42430352 42452353 394.279 8.333333333333334 3 3 463 464 
1 0 0 0 1 0 0 0 1 
1 0 0 0 1 0 0 0 1 
42430352 42443528 314.53400000000005 8.333333333333334 3 3 465 466 
1 0 0 0 1 0 0 0 1 
1 0 0 0 1 0 0 0 1 
42430352 42430356 79.922 13.88888888888889 3 3 467 468 
1 0 0 0 1 0 0 0 1 
1 0 0 0 1 0 0 0 1 
42452353 42434072 79.932 13.88888888888889 3 3 469 470 
1 0 0 0 1 0 0 0 1 
1 0 0 0 1 0 0 0 1 
42452353 42443528 77.706 13.88888888888889 3 3 471 472 
1 0 0 0 1 0 0 0 1 
1 0 0 0 1 0 0 0 1 
42452353 42445924 148.848 8.333333333333334 3 3 473 474 
1 0 0 0 1 0 0 0 1 
1 0 0 0 1 0 0 0 1 
42443528 42432580 79.58600000000001 13.88888888888889 3 3 475 476 
1 0 0 0 1 0 0 0 1 
1 0 0 0 1 0 0 0 1 
42443528 42445926 150.853 8.333333333333334 3 3 477 478 
1 0 0 0 1 0 0 0 1 
1 0 0 0 1 0 0 0 1 
42430356 42430358 80.868 13.88888888888889 3 3 479 480 
1 0 0 0 1 0 0 0 1 
1 0 0 0 1 0 0 0 1 
42430356 42432580 310.83799999999997 13.88888888888889 3 3 481 482 
1 0 0 0 1 0 0 0 1 
1 0 0 0 1 0 0 0 1 
42434072 42432693 80.338 13.88888888888889 3 3 483 484 
1 0 0 0 1 0 0 0 1 
1 0 0 0 1 0 0 0 1 
42434072 42434074 148.879 13.88888888888889 3 3 485 486 
1 0 0 0 1 0 0 0 1 
1 0 0 0 1 0 0 0 1 
42445924 42434074 78.59800000000001 13.88888888888889 3 3 487 488 
1 0 0 0 1 0 0 0 1 
1 0 0 0 1 0 0 0 1 
42445924 42443811 89.91900000000001 8.333333333333334 3 3 489 490 
1 0 0 0 1 0 0 0 1 
1 0 0 0 1 0 0 0 1 
42445924 42445926 77.959 13.88888888888889 3 3 491 492 
1 0 0 0 1 0 0 0 1 
1 0 0 0 1 0 0 0 1 
42432580 42438881 155.339 13.88888888888889 3 3 493 494 
1 0 0 0 1 0 0 0 1 
1 0 0 0 1 0 0 0 1 
42432580 42440153 80.298 13.88888888888889 3 3 495 496 
1 0 0 0 1 0 0 0 1 
1 0 0 0 1 0 0 0 1 
42445926 42438881 80.422 13.88888888888889 3 3 497 498 
1 0 0 0 1 0 0 0 1 
1 0 0 0 1 0 0 0 1 
42445926 596775882 146.047 8.333333333333334 3 3 499 500 
1 0 0 0 1 0 0 0 1 
1 0 0 0 1 0 0 0 1 
42430358 42440153 310.284 13.88888888888889 3 3 501 502 
1 0 0 0 1 0 0 0 1 
1 0 0 0 1 0 0 0 1 
42430358 42430361 77.92099999999999 13.88888888888889 3 3 503 504 
1 0 0 0 1 0 0 0 1 
1 0 0 0 1 0 0 0 1 
42440153 42445928 155.817 13.88888888888889 3 3 505 506 
1 0 0 0 1 0 0 0 1 
1 0 0 0 1 0 0 0 1 
42440153 42440452 80.455 13.88888888888889 3 3 507 508 
1 0 0 0 1 0 0 0 1 
1 0 0 0 1 0 0 0 1 
42430361 42430363 80.583 13.88888888888889 3 3 509 510 
1 0 0 0 1 0 0 0 1 
1 0 0 0 1 0 0 0 1 
42430361 42440452 310.742 8.333333333333334 3 3 511 512 
1 0 0 0 1 0 0 0 1 
1 0 0 0 1 0 0 0 1 
42438881 42445928 79.12899999999999 13.88888888888889 3 3 513 514 
1 0 0 0 1 0 0 0 1 
1 0 0 0 1 0 0 0 1 
42438881 596775867 145.375 13.88888888888889 3 3 515 516 
1 0 0 0 1 0 0 0 1 
1 0 0 0 1 0 0 0 1 
42445928 42440453 79.991 13.88888888888889 3 3 517 518 
1 0 0 0 1 0 0 0 1 
1 0 0 0 1 0 0 0 1 
42445928 596775870 145.15400000000002 13.88888888888889 3 3 519 520 
1 0 0 0 1 0 0 0 1 
1 0 0 0 1 0 0 0 1 
42440452 42440453 155.538 8.333333333333334 3 3 521 522 
1 0 0 0 1 0 0 0 1 
1 0 0 0 1 0 0 0 1 
42440452 42446353 79.10600000000001 13.88888888888889 3 3 523 524 
1 0 0 0 1 0 0 0 1 
1 0 0 0 1 0 0 0 1 
42430363 42430367 77.981 13.88888888888889 3 3 525 526 
1 0 0 0 1 0 0 0 1 
1 0 0 0 1 0 0 0 1 
42430363 42446353 310.61 8.333333333333334 3 3 527 528 
1 0 0 0 1 0 0 0 1 
1 0 0 0 1 0 0 0 1 
42430367 42440015 353.281 13.88888888888889 3 3 529 530 
1 0 0 0 1 0 0 0 1 
1 0 0 0 1 0 0 0 1 
42430367 42430371 79.401 13.88888888888889 3 3 531 532 
1 0 0 0 1 0 0 0 1 
1 0 0 0 1 0 0 0 1 
42430367 42436700 310.77799999999996 13.88888888888889 3 3 533 534 
1 0 0 0 1 0 0 0 1 
1 0 0 0 1 0 0 0 1 
42446353 42436700 77.43299999999999 13.88888888888889 3 3 535 536 
1 0 0 0 1 0 0 0 1 
1 0 0 0 1 0 0 0 1 
42446353 42445930 155.351 8.333333333333334 3 3 537 538 
1 0 0 0 1 0 0 0 1 
1 0 0 0 1 0 0 0 1 
42440453 42445930 79.282 13.88888888888889 3 3 539 540 
1 0 0 0 1 0 0 0 1 
1 0 0 0 1 0 0 0 1 
42440453 596775876 145.04 8.333333333333334 3 3 541 542 
1 0 0 0 1 0 0 0 1 
1 0 0 0 1 0 0 0 1 
42440015 42430371 272.54400000000004 13.88888888888889 3 3 543 544 
1 0 0 0 1 0 0 0 1 
1 0 0 0 1 0 0 0 1 
42430371 42450426 310.665 13.88888888888889 3 3 545 546 
1 0 0 0 1 0 0 0 1 
1 0 0 0 1 0 0 0 1 
42430371 42430375 81.57400000000001 13.88888888888889 3 3 547 548 
1 0 0 0 1 0 0 0 1 
1 0 0 0 1 0 0 0 1 
42436700 42436701 155.266 13.88888888888889 3 3 549 550 
1 0 0 0 1 0 0 0 1 
1 0 0 0 1 0 0 0 1 
42436700 42450426 81.04499999999999 13.88888888888889 3 3 551 552 
1 0 0 0 1 0 0 0 1 
1 0 0 0 1 0 0 0 1 
42445930 42436701 78.626 13.88888888888889 3 3 553 554 
1 0 0 0 1 0 0 0 1 
1 0 0 0 1 0 0 0 1 
42445930 596775914 146.95999999999998 8.333333333333334 3 3 555 556 
1 0 0 0 1 0 0 0 1 
1 0 0 0 1 0 0 0 1 
42450426 42440951 79.66399999999999 13.88888888888889 3 3 557 558 
1 0 0 0 1 0 0 0 1 
1 0 0 0 1 0 0 0 1 
42450426 42445936 155.35000000000002 13.88888888888889 3 3 559 560 
1 0 0 0 1 0 0 0 1 
1 0 0 0 1 0 0 0 1 
42430375 42440951 310.376 8.333333333333334 3 3 561 562 
1 0 0 0 1 0 0 0 1 
1 0 0 0 1 0 0 0 1 
42436701 42445936 81.079 13.88888888888889 3 3 563 564 
1 0 0 0 1 0 0 0 1 
1 0 0 0 1 0 0 0 1 
42436701 596775900 145.225 13.88888888888889 3 3 565 566 
1 0 0 0 1 0 0 0 1 
1 0 0 0 1 0 0 0 1 
42440951 42445941 155.613 9.722222222222221 3 3 567 568 
1 0 0 0 1 0 0 0 1 
1 0 0 0 1 0 0 0 1 
42445936 596775919 145.219 13.88888888888889 3 3 569 570 
1 0 0 0 1 0 0 0 1 
1 0 0 0 1 0 0 0 1 
42445936 42445941 79.657 13.88888888888889 3 3 571 572 
1 0 0 0 1 0 0 0 1 
1 0 0 0 1 0 0 0 1 
42445941 42443612 78.473 13.88888888888889 3 3 573 574 
1 0 0 0 1 0 0 0 1 
1 0 0 0 1 0 0 0 1 
42445941 596775907 147.048 9.722222222222221 3 3 575 576 
1 0 0 0 1 0 0 0 1 
1 0 0 0 1 0 0 0 1 
42443612 596775951 144.96699999999998 8.333333333333334 3 3 577 578 
1 0 0 0 1 0 0 0 1 
1 0 0 0 1 0 0 0 1 
596775951 596775935 84.924 13.88888888888889 3 3 579 580 
1 0 0 0 1 0 0 0 1 
1 0 0 0 1 0 0 0 1 
596775951 42443613 19.933 8.333333333333334 3 3 581 582 
1 0 0 0 1 0 0 0 1 
1 0 0 0 1 0 0 0 1 
596775951 596775907 78.973 13.88888888888889 3 3 583 584 
1 0 0 0 1 0 0 0 1 
1 0 0 0 1 0 0 0 1 
42447228 42437423 79.565 13.88888888888889 3 3 585 586 
1 0 0 0 1 0 0 0 1 
1 0 0 0 1 0 0 0 1 
42447228 42445976 155.13899999999998 13.88888888888889 3 3 587 588 
1 0 0 0 1 0 0 0 1 
1 0 0 0 1 0 0 0 1 
42447228 42457788 214.09600000000003 13.88888888888889 3 3 589 590 
1 0 0 0 1 0 0 0 1 
1 0 0 0 1 0 0 0 1 
42457788 247223720 554.655 13.88888888888889 3 3 591 592 
1 0 0 0 1 0 0 0 1 
1 0 0 0 1 0 0 0 1 
42445976 42437423 234.18699999999998 8.333333333333334 3 3 593 594 
1 0 0 0 1 0 0 0 1 
1 0 0 0 1 0 0 0 1 
42432436 42432438 150.561 8.333333333333334 3 3 595 596 
1 0 0 0 1 0 0 0 1 
1 0 0 0 1 0 0 0 1 
42432436 42445914 228.91899999999998 8.333333333333334 3 3 597 598 
1 0 0 0 1 0 0 0 1 
1 0 0 0 1 0 0 0 1 
42432436 42437358 84.54299999999999 13.88888888888889 3 3 599 600 
1 0 0 0 1 0 0 0 1 
1 0 0 0 1 0 0 0 1 
42432438 561042200 143.206 8.333333333333334 3 3 601 602 
1 0 0 0 1 0 0 0 1 
1 0 0 0 1 0 0 0 1 
42432438 42445916 85.28 13.88888888888889 3 3 603 604 
1 0 0 0 1 0 0 0 1 
1 0 0 0 1 0 0 0 1 
42432438 42445914 77.989 13.88888888888889 3 3 605 606 
1 0 0 0 1 0 0 0 1 
1 0 0 0 1 0 0 0 1 
42445914 42445651 78.88100000000001 13.88888888888889 3 3 607 608 
1 0 0 0 1 0 0 0 1 
1 0 0 0 1 0 0 0 1 
42445914 561042198 144.929 8.333333333333334 3 3 609 610 
1 0 0 0 1 0 0 0 1 
1 0 0 0 1 0 0 0 1 
42437358 42445916 149.83499999999998 16.666666666666668 3 3 611 612 
1 0 0 0 1 0 0 0 1 
1 0 0 0 1 0 0 0 1 
42437358 42454428 86.52 13.88888888888889 3 3 613 614 
1 0 0 0 1 0 0 0 1 
1 0 0 0 1 0 0 0 1 
561042200 561042198 77.335 13.88888888888889 3 3 615 616 
1 0 0 0 1 0 0 0 1 
1 0 0 0 1 0 0 0 1 
561042200 8122411159 23.18 8.333333333333334 3 3 617 618 
1 0 0 0 1 0 0 0 1 
1 0 0 0 1 0 0 0 1 
42445916 42446959 312.409 16.666666666666668 3 3 619 620 
1 0 0 0 1 0 0 0 1 
1 0 0 0 1 0 0 0 1 
42445916 42445917 85.882 13.88888888888889 3 3 621 622 
1 0 0 0 1 0 0 0 1 
1 0 0 0 1 0 0 0 1 
42445651 42445910 78.889 13.88888888888889 3 3 623 624 
1 0 0 0 1 0 0 0 1 
1 0 0 0 1 0 0 0 1 
42445651 561042195 147.056 8.333333333333334 3 3 625 626 
1 0 0 0 1 0 0 0 1 
1 0 0 0 1 0 0 0 1 
561042198 3639382767 4.35 8.333333333333334 3 3 627 628 
1 0 0 0 1 0 0 0 1 
1 0 0 0 1 0 0 0 1 
561042198 3639382768 8.266 13.88888888888889 3 3 629 630 
1 0 0 0 1 0 0 0 1 
1 0 0 0 1 0 0 0 1 
42454428 42443556 78.13499999999999 13.88888888888889 3 3 631 632 
1 0 0 0 1 0 0 0 1 
1 0 0 0 1 0 0 0 1 
42454428 42445917 148.30100000000002 8.333333333333334 3 3 633 634 
1 0 0 0 1 0 0 0 1 
1 0 0 0 1 0 0 0 1 
8122411159 42432444 146.307 8.333333333333334 3 3 635 636 
1 0 0 0 1 0 0 0 1 
1 0 0 0 1 0 0 0 1 
8122411159 42453005 77.197 13.88888888888889 3 3 637 638 
1 0 0 0 1 0 0 0 1 
1 0 0 0 1 0 0 0 1 
42446959 42432444 83.891 13.88888888888889 3 3 639 640 
1 0 0 0 1 0 0 0 1 
1 0 0 0 1 0 0 0 1 
42446959 42449945 153.817 16.666666666666668 3 3 641 642 
1 0 0 0 1 0 0 0 1 
1 0 0 0 1 0 0 0 1 
42446959 42446971 86.408 13.88888888888889 3 3 643 644 
1 0 0 0 1 0 0 0 1 
1 0 0 0 1 0 0 0 1 
42445917 42445920 78.507 13.88888888888889 3 3 645 646 
1 0 0 0 1 0 0 0 1 
1 0 0 0 1 0 0 0 1 
42445917 42443807 168.882 8.333333333333334 3 3 647 648 
1 0 0 0 1 0 0 0 1 
1 0 0 0 1 0 0 0 1 
42432444 42453005 224.007 8.333333333333334 3 3 649 650 
1 0 0 0 1 0 0 0 1 
1 0 0 0 1 0 0 0 1 
42432444 42449945 235.39600000000002 8.333333333333334 3 3 651 652 
1 0 0 0 1 0 0 0 1 
1 0 0 0 1 0 0 0 1 
42453005 561042197 56.854 13.88888888888889 3 3 653 654 
1 0 0 0 1 0 0 0 1 
1 0 0 0 1 0 0 0 1 
42453005 561042199 7.88 8.333333333333334 3 3 655 656 
1 0 0 0 1 0 0 0 1 
1 0 0 0 1 0 0 0 1 
42449945 42442939 300.69100000000003 16.666666666666668 3 3 657 658 
1 0 0 0 1 0 0 0 1 
1 0 0 0 1 0 0 0 1 
42449945 42449947 86.588 16.666666666666668 3 3 659 660 
1 0 0 0 1 0 0 0 1 
1 0 0 0 1 0 0 0 1 
561042197 561042195 40.668 8.333333333333334 3 3 661 662 
1 0 0 0 1 0 0 0 1 
1 0 0 0 1 0 0 0 1 
561042197 561042199 57.536 13.88888888888889 3 3 663 664 
1 0 0 0 1 0 0 0 1 
1 0 0 0 1 0 0 0 1 
561042199 100522479 14.782 13.88888888888889 3 3 665 666 
1 0 0 0 1 0 0 0 1 
1 0 0 0 1 0 0 0 1 
561042199 3639382767 9.159 8.333333333333334 3 3 667 668 
1 0 0 0 1 0 0 0 1 
1 0 0 0 1 0 0 0 1 
42442939 42449947 215.726 8.333333333333334 3 3 669 670 
1 0 0 0 1 0 0 0 1 
1 0 0 0 1 0 0 0 1 
42442939 42442943 79.456 16.666666666666668 3 3 671 672 
1 0 0 0 1 0 0 0 1 
1 0 0 0 1 0 0 0 1 
42449947 42446971 154.992 5.555555555555555 3 3 673 674 
1 0 0 0 1 0 0 0 1 
1 0 0 0 1 0 0 0 1 
42449947 42449948 79.298 16.666666666666668 3 3 675 676 
1 0 0 0 1 0 0 0 1 
1 0 0 0 1 0 0 0 1 
42446971 42446977 79.405 13.88888888888889 3 3 677 678 
1 0 0 0 1 0 0 0 1 
1 0 0 0 1 0 0 0 1 
42432556 42432558 274.187 8.333333333333334 3 3 679 680 
1 0 0 0 1 0 0 0 1 
1 0 0 0 1 0 0 0 1 
42432556 42435275 86.09200000000001 13.88888888888889 3 3 681 682 
1 0 0 0 1 0 0 0 1 
1 0 0 0 1 0 0 0 1 
42432556 42435283 81.43 13.88888888888889 3 3 683 684 
1 0 0 0 1 0 0 0 1 
1 0 0 0 1 0 0 0 1 
42432558 42443341 81.16799999999999 16.666666666666668 3 3 685 686 
1 0 0 0 1 0 0 0 1 
1 0 0 0 1 0 0 0 1 
42435275 42435272 86.498 13.88888888888889 3 3 687 688 
1 0 0 0 1 0 0 0 1 
1 0 0 0 1 0 0 0 1 
42435283 42443341 275.23199999999997 8.333333333333334 3 3 689 690 
1 0 0 0 1 0 0 0 1 
1 0 0 0 1 0 0 0 1 
42443341 42443344 79.992 16.666666666666668 3 3 691 692 
1 0 0 0 1 0 0 0 1 
1 0 0 0 1 0 0 0 1 
42435272 42437384 273.20500000000004 8.333333333333334 3 3 693 694 
1 0 0 0 1 0 0 0 1 
1 0 0 0 1 0 0 0 1 
42435272 7802856356 79.387 13.88888888888889 3 3 695 696 
1 0 0 0 1 0 0 0 1 
1 0 0 0 1 0 0 0 1 
42437384 42443332 78.83 16.666666666666668 3 3 697 698 
1 0 0 0 1 0 0 0 1 
1 0 0 0 1 0 0 0 1 
596775867 42438886 20.009 13.88888888888889 3 3 699 700 
1 0 0 0 1 0 0 0 1 
1 0 0 0 1 0 0 0 1 
596775867 596775882 80.055 13.88888888888889 3 3 701 702 
1 0 0 0 1 0 0 0 1 
1 0 0 0 1 0 0 0 1 
596775867 596775870 78.594 13.88888888888889 3 3 703 704 
1 0 0 0 1 0 0 0 1 
1 0 0 0 1 0 0 0 1 
42432693 42443556 80.172 13.88888888888889 3 3 705 706 
1 0 0 0 1 0 0 0 1 
1 0 0 0 1 0 0 0 1 
42432693 42444043 149.096 13.88888888888889 3 3 707 708 
1 0 0 0 1 0 0 0 1 
1 0 0 0 1 0 0 0 1 
42443556 42445920 148.741 8.333333333333334 3 3 709 710 
1 0 0 0 1 0 0 0 1 
1 0 0 0 1 0 0 0 1 
42444043 42434074 80.482 13.88888888888889 3 3 711 712 
1 0 0 0 1 0 0 0 1 
1 0 0 0 1 0 0 0 1 
42444043 42443810 89.563 13.88888888888889 3 3 713 714 
1 0 0 0 1 0 0 0 1 
1 0 0 0 1 0 0 0 1 
42444043 42445920 80.773 13.88888888888889 3 3 715 716 
1 0 0 0 1 0 0 0 1 
1 0 0 0 1 0 0 0 1 
42445920 42443807 89.634 8.333333333333334 3 3 717 718 
1 0 0 0 1 0 0 0 1 
1 0 0 0 1 0 0 0 1 
42434074 42434077 89.74199999999999 13.88888888888889 3 3 719 720 
1 0 0 0 1 0 0 0 1 
1 0 0 0 1 0 0 0 1 
42443810 42434077 79.524 8.333333333333334 3 3 721 722 
1 0 0 0 1 0 0 0 1 
1 0 0 0 1 0 0 0 1 
42443810 42443807 80.168 8.333333333333334 3 3 723 724 
1 0 0 0 1 0 0 0 1 
1 0 0 0 1 0 0 0 1 
42443810 42444049 224.30200000000002 13.88888888888889 3 3 725 726 
1 0 0 0 1 0 0 0 1 
1 0 0 0 1 0 0 0 1 
596775935 42432834 19.929 16.666666666666668 3 3 727 728 
1 0 0 0 1 0 0 0 1 
1 0 0 0 1 0 0 0 1 
42432834 42456598 87.09700000000001 13.88888888888889 3 3 729 730 
1 0 0 0 1 0 0 0 1 
1 0 0 0 1 0 0 0 1 
42432834 42432847 146.835 16.666666666666668 3 3 731 732 
1 0 0 0 1 0 0 0 1 
1 0 0 0 1 0 0 0 1 
42432834 42443613 84.947 13.88888888888889 3 3 733 734 
1 0 0 0 1 0 0 0 1 
1 0 0 0 1 0 0 0 1 
42456598 42447007 146.152 8.333333333333334 3 3 735 736 
1 0 0 0 1 0 0 0 1 
1 0 0 0 1 0 0 0 1 
42456598 42448317 79.406 13.88888888888889 3 3 737 738 
1 0 0 0 1 0 0 0 1 
1 0 0 0 1 0 0 0 1 
42432847 42443614 85.868 13.88888888888889 3 3 739 740 
1 0 0 0 1 0 0 0 1 
1 0 0 0 1 0 0 0 1 
42432847 42447007 87.21 13.88888888888889 3 3 741 742 
1 0 0 0 1 0 0 0 1 
1 0 0 0 1 0 0 0 1 
42443613 42443614 146.831 8.333333333333334 3 3 743 744 
1 0 0 0 1 0 0 0 1 
1 0 0 0 1 0 0 0 1 
42443613 42448338 79.005 13.88888888888889 3 3 745 746 
1 0 0 0 1 0 0 0 1 
1 0 0 0 1 0 0 0 1 
42447007 42447009 79.19 13.88888888888889 3 3 747 748 
1 0 0 0 1 0 0 0 1 
1 0 0 0 1 0 0 0 1 
42448317 6177439750 78.651 13.88888888888889 3 3 749 750 
1 0 0 0 1 0 0 0 1 
1 0 0 0 1 0 0 0 1 
42448317 596775946 21.156 13.88888888888889 3 3 751 752 
1 0 0 0 1 0 0 0 1 
1 0 0 0 1 0 0 0 1 
42448317 42447009 146.262 13.88888888888889 3 3 753 754 
1 0 0 0 1 0 0 0 1 
1 0 0 0 1 0 0 0 1 
42443614 42448379 240.793 8.333333333333334 3 3 755 756 
1 0 0 0 1 0 0 0 1 
1 0 0 0 1 0 0 0 1 
42443614 4862610026 78.185 13.88888888888889 3 3 757 758 
1 0 0 0 1 0 0 0 1 
1 0 0 0 1 0 0 0 1 
42448338 42456611 81.277 13.88888888888889 3 3 759 760 
1 0 0 0 1 0 0 0 1 
1 0 0 0 1 0 0 0 1 
42448338 596775907 15.994 8.333333333333334 3 3 761 762 
1 0 0 0 1 0 0 0 1 
1 0 0 0 1 0 0 0 1 
42448338 4862610026 148.919 8.333333333333334 3 3 763 764 
1 0 0 0 1 0 0 0 1 
1 0 0 0 1 0 0 0 1 
42448379 42449963 80.3 16.666666666666668 3 3 765 766 
1 0 0 0 1 0 0 0 1 
1 0 0 0 1 0 0 0 1 
42448379 4862610026 152.025 8.333333333333334 3 3 767 768 
1 0 0 0 1 0 0 0 1 
1 0 0 0 1 0 0 0 1 
4862610026 42446998 80.551 13.88888888888889 3 3 769 770 
1 0 0 0 1 0 0 0 1 
1 0 0 0 1 0 0 0 1 
42447009 6177439750 225.15 13.88888888888889 3 3 771 772 
1 0 0 0 1 0 0 0 1 
1 0 0 0 1 0 0 0 1 
42434077 42443811 79.466 8.333333333333334 3 3 773 774 
1 0 0 0 1 0 0 0 1 
1 0 0 0 1 0 0 0 1 
42434077 596775840 56.68900000000001 13.88888888888889 3 3 775 776 
1 0 0 0 1 0 0 0 1 
1 0 0 0 1 0 0 0 1 
42443811 42457476 58.408 8.333333333333334 3 3 777 778 
1 0 0 0 1 0 0 0 1 
1 0 0 0 1 0 0 0 1 
596775840 42457476 80.27600000000001 13.88888888888889 3 3 779 780 
1 0 0 0 1 0 0 0 1 
1 0 0 0 1 0 0 0 1 
596775840 100522741 22.181 13.88888888888889 3 3 781 782 
1 0 0 0 1 0 0 0 1 
1 0 0 0 1 0 0 0 1 
596775840 9140654137 393.38100000000003 13.88888888888889 3 3 783 784 
1 0 0 0 1 0 0 0 1 
1 0 0 0 1 0 0 0 1 
42457476 100522728 20.025 8.333333333333334 3 3 785 786 
1 0 0 0 1 0 0 0 1 
1 0 0 0 1 0 0 0 1 
42457476 596775882 79.088 13.88888888888889 3 3 787 788 
1 0 0 0 1 0 0 0 1 
1 0 0 0 1 0 0 0 1 
42444049 42434085 79.644 13.88888888888889 3 3 789 790 
1 0 0 0 1 0 0 0 1 
1 0 0 0 1 0 0 0 1 
42444049 42446977 79.421 13.88888888888889 3 3 791 792 
1 0 0 0 1 0 0 0 1 
1 0 0 0 1 0 0 0 1 
42444049 42444051 155.081 13.88888888888889 3 3 793 794 
1 0 0 0 1 0 0 0 1 
1 0 0 0 1 0 0 0 1 
100522741 42434085 145.323 13.88888888888889 3 3 795 796 
1 0 0 0 1 0 0 0 1 
1 0 0 0 1 0 0 0 1 
100522741 100522728 80.582 13.88888888888889 3 3 797 798 
1 0 0 0 1 0 0 0 1 
1 0 0 0 1 0 0 0 1 
100522741 9140654137 380.91999999999985 13.88888888888889 3 3 799 800 
1 0 0 0 1 0 0 0 1 
1 0 0 0 1 0 0 0 1 
9140654137 100522479 156.663 13.88888888888889 3 3 801 802 
1 0 0 0 1 0 0 0 1 
1 0 0 0 1 0 0 0 1 
42434085 42434087 154.984 13.88888888888889 3 3 803 804 
1 0 0 0 1 0 0 0 1 
1 0 0 0 1 0 0 0 1 
42434085 42446986 78.79 13.88888888888889 3 3 805 806 
1 0 0 0 1 0 0 0 1 
1 0 0 0 1 0 0 0 1 
42434087 42449954 77.836 16.666666666666668 3 3 807 808 
1 0 0 0 1 0 0 0 1 
1 0 0 0 1 0 0 0 1 
42434087 42434090 215.641 13.88888888888889 3 3 809 810 
1 0 0 0 1 0 0 0 1 
1 0 0 0 1 0 0 0 1 
42434087 42444051 79.54 16.666666666666668 3 3 811 812 
1 0 0 0 1 0 0 0 1 
1 0 0 0 1 0 0 0 1 
42446986 100522728 146.09 8.333333333333334 3 3 813 814 
1 0 0 0 1 0 0 0 1 
1 0 0 0 1 0 0 0 1 
42446986 42446987 79.112 13.88888888888889 3 3 815 816 
1 0 0 0 1 0 0 0 1 
1 0 0 0 1 0 0 0 1 
42446986 42449954 154.619 8.333333333333334 3 3 817 818 
1 0 0 0 1 0 0 0 1 
1 0 0 0 1 0 0 0 1 
42446977 42449948 154.935 8.333333333333334 3 3 819 820 
1 0 0 0 1 0 0 0 1 
1 0 0 0 1 0 0 0 1 
42444051 42442947 215.39600000000002 13.88888888888889 3 3 821 822 
1 0 0 0 1 0 0 0 1 
1 0 0 0 1 0 0 0 1 
42444051 42449948 79.694 16.666666666666668 3 3 823 824 
1 0 0 0 1 0 0 0 1 
1 0 0 0 1 0 0 0 1 
42449954 42442948 215.577 8.333333333333334 3 3 825 826 
1 0 0 0 1 0 0 0 1 
1 0 0 0 1 0 0 0 1 
42449954 42448813 81.127 16.666666666666668 3 3 827 828 
1 0 0 0 1 0 0 0 1 
1 0 0 0 1 0 0 0 1 
42434090 42442947 80.275 16.666666666666668 3 3 829 830 
1 0 0 0 1 0 0 0 1 
1 0 0 0 1 0 0 0 1 
42434090 42434092 229.986 13.88888888888889 3 3 831 832 
1 0 0 0 1 0 0 0 1 
1 0 0 0 1 0 0 0 1 
42434090 42442948 76.721 16.666666666666668 3 3 833 834 
1 0 0 0 1 0 0 0 1 
1 0 0 0 1 0 0 0 1 
100522728 42448811 78.92 13.88888888888889 3 3 835 836 
1 0 0 0 1 0 0 0 1 
1 0 0 0 1 0 0 0 1 
42446987 42438889 80.54 13.88888888888889 3 3 837 838 
1 0 0 0 1 0 0 0 1 
1 0 0 0 1 0 0 0 1 
42446987 42448811 147.024 8.333333333333334 3 3 839 840 
1 0 0 0 1 0 0 0 1 
1 0 0 0 1 0 0 0 1 
42446987 42448813 153.743 8.333333333333334 3 3 841 842 
1 0 0 0 1 0 0 0 1 
1 0 0 0 1 0 0 0 1 
42442948 42434092 290.97 8.333333333333334 3 3 843 844 
1 0 0 0 1 0 0 0 1 
1 0 0 0 1 0 0 0 1 
42442948 42442949 81.523 16.666666666666668 3 3 845 846 
1 0 0 0 1 0 0 0 1 
1 0 0 0 1 0 0 0 1 
42448813 42438891 79.376 16.666666666666668 3 3 847 848 
1 0 0 0 1 0 0 0 1 
1 0 0 0 1 0 0 0 1 
42448813 42442949 215.875 8.333333333333334 3 3 849 850 
1 0 0 0 1 0 0 0 1 
1 0 0 0 1 0 0 0 1 
42442947 42442943 79.626 16.666666666666668 3 3 851 852 
1 0 0 0 1 0 0 0 1 
1 0 0 0 1 0 0 0 1 
42442947 42444055 230.293 13.88888888888889 3 3 853 854 
1 0 0 0 1 0 0 0 1 
1 0 0 0 1 0 0 0 1 
42434092 42444055 79.20700000000001 16.666666666666668 3 3 855 856 
1 0 0 0 1 0 0 0 1 
1 0 0 0 1 0 0 0 1 
42449948 42442943 215.176 8.333333333333334 3 3 857 858 
1 0 0 0 1 0 0 0 1 
1 0 0 0 1 0 0 0 1 
42442943 42444055 310.208 8.333333333333334 3 3 859 860 
1 0 0 0 1 0 0 0 1 
1 0 0 0 1 0 0 0 1 
42442949 42438894 79.478 16.666666666666668 3 3 861 862 
1 0 0 0 1 0 0 0 1 
1 0 0 0 1 0 0 0 1 
42434158 7106818627 353.67100000000005 8.333333333333334 3 3 863 864 
1 0 0 0 1 0 0 0 1 
1 0 0 0 1 0 0 0 1 
7106818627 42421993 79.025 13.88888888888889 3 3 865 866 
1 0 0 0 1 0 0 0 1 
1 0 0 0 1 0 0 0 1 
1061531447 42435257 322.75600000000003 8.333333333333334 3 3 867 868 
1 0 0 0 1 0 0 0 1 
1 0 0 0 1 0 0 0 1 
42435257 7802856365 79.436 13.88888888888889 3 3 869 870 
1 0 0 0 1 0 0 0 1 
1 0 0 0 1 0 0 0 1 
7802856365 247223720 133.946 13.88888888888889 3 3 871 872 
1 0 0 0 1 0 0 0 1 
1 0 0 0 1 0 0 0 1 
7802856365 3718672443 355.048 13.88888888888889 3 3 873 874 
1 0 0 0 1 0 0 0 1 
1 0 0 0 1 0 0 0 1 
7802856365 7802856352 80.667 13.88888888888889 3 3 875 876 
1 0 0 0 1 0 0 0 1 
1 0 0 0 1 0 0 0 1 
247223720 7802856352 120.55600000000001 13.88888888888889 3 3 877 878 
1 0 0 0 1 0 0 0 1 
1 0 0 0 1 0 0 0 1 
3718672443 4557495130 79.187 16.666666666666668 3 3 879 880 
1 0 0 0 1 0 0 0 1 
1 0 0 0 1 0 0 0 1 
3718672443 7802856352 273.833 13.88888888888889 3 3 881 882 
1 0 0 0 1 0 0 0 1 
1 0 0 0 1 0 0 0 1 
7802856352 7802856341 77.86399999999999 13.88888888888889 3 3 883 884 
1 0 0 0 1 0 0 0 1 
1 0 0 0 1 0 0 0 1 
7802856356 42443332 273.28200000000004 8.333333333333334 3 3 885 886 
1 0 0 0 1 0 0 0 1 
1 0 0 0 1 0 0 0 1 
7802856356 7802856372 79.73100000000001 13.88888888888889 3 3 887 888 
1 0 0 0 1 0 0 0 1 
1 0 0 0 1 0 0 0 1 
42443332 42443329 79.971 16.666666666666668 3 3 889 890 
1 0 0 0 1 0 0 0 1 
1 0 0 0 1 0 0 0 1 
42443332 1061531597 216.396 8.333333333333334 3 3 891 892 
1 0 0 0 1 0 0 0 1 
1 0 0 0 1 0 0 0 1 
7802856372 7802856349 80.2 13.88888888888889 3 3 893 894 
1 0 0 0 1 0 0 0 1 
1 0 0 0 1 0 0 0 1 
7802856372 42443329 273.113 8.333333333333334 3 3 895 896 
1 0 0 0 1 0 0 0 1 
1 0 0 0 1 0 0 0 1 
42445953 6177439752 147.865 13.88888888888889 3 3 897 898 
1 0 0 0 1 0 0 0 1 
1 0 0 0 1 0 0 0 1 
596775930 42436514 21.324 8.333333333333334 3 3 899 900 
1 0 0 0 1 0 0 0 1 
1 0 0 0 1 0 0 0 1 
596775930 6177439752 79.214 13.88888888888889 3 3 901 902 
1 0 0 0 1 0 0 0 1 
1 0 0 0 1 0 0 0 1 
6177439752 6177439750 21.276 13.88888888888889 3 3 903 904 
1 0 0 0 1 0 0 0 1 
1 0 0 0 1 0 0 0 1 
6177439752 596775946 79.455 13.88888888888889 3 3 905 906 
1 0 0 0 1 0 0 0 1 
1 0 0 0 1 0 0 0 1 
42436514 6177439750 79.657 13.88888888888889 3 3 907 908 
1 0 0 0 1 0 0 0 1 
1 0 0 0 1 0 0 0 1 
596775900 42436703 19.96 13.88888888888889 3 3 909 910 
1 0 0 0 1 0 0 0 1 
1 0 0 0 1 0 0 0 1 
596775900 596775914 77.94600000000001 13.88888888888889 3 3 911 912 
1 0 0 0 1 0 0 0 1 
1 0 0 0 1 0 0 0 1 
596775900 596775919 79.063 13.88888888888889 3 3 913 914 
1 0 0 0 1 0 0 0 1 
1 0 0 0 1 0 0 0 1 
596775919 42456611 19.95 13.88888888888889 3 3 915 916 
1 0 0 0 1 0 0 0 1 
1 0 0 0 1 0 0 0 1 
596775919 596775907 81.316 13.88888888888889 3 3 917 918 
1 0 0 0 1 0 0 0 1 
1 0 0 0 1 0 0 0 1 
596775914 42452875 16.351 8.333333333333334 3 3 919 920 
1 0 0 0 1 0 0 0 1 
1 0 0 0 1 0 0 0 1 
596775914 596775876 81.119 13.88888888888889 3 3 921 922 
1 0 0 0 1 0 0 0 1 
1 0 0 0 1 0 0 0 1 
42436703 42456611 79.083 13.88888888888889 3 3 923 924 
1 0 0 0 1 0 0 0 1 
1 0 0 0 1 0 0 0 1 
42436703 42436705 146.631 13.88888888888889 3 3 925 926 
1 0 0 0 1 0 0 0 1 
1 0 0 0 1 0 0 0 1 
42436703 42452875 78.104 13.88888888888889 3 3 927 928 
1 0 0 0 1 0 0 0 1 
1 0 0 0 1 0 0 0 1 
42456611 42446998 146.812 13.88888888888889 3 3 929 930 
1 0 0 0 1 0 0 0 1 
1 0 0 0 1 0 0 0 1 
42436705 42446994 78.46300000000001 13.88888888888889 3 3 931 932 
1 0 0 0 1 0 0 0 1 
1 0 0 0 1 0 0 0 1 
42436705 42436707 154.44299999999998 13.88888888888889 3 3 933 934 
1 0 0 0 1 0 0 0 1 
1 0 0 0 1 0 0 0 1 
42436705 42446998 79.781 13.88888888888889 3 3 935 936 
1 0 0 0 1 0 0 0 1 
1 0 0 0 1 0 0 0 1 
42452875 42440456 80.966 13.88888888888889 3 3 937 938 
1 0 0 0 1 0 0 0 1 
1 0 0 0 1 0 0 0 1 
42452875 42446994 148.463 8.333333333333334 3 3 939 940 
1 0 0 0 1 0 0 0 1 
1 0 0 0 1 0 0 0 1 
42446998 42449963 151.346 13.88888888888889 3 3 941 942 
1 0 0 0 1 0 0 0 1 
1 0 0 0 1 0 0 0 1 
42446994 42440459 80.499 13.88888888888889 3 3 943 944 
1 0 0 0 1 0 0 0 1 
1 0 0 0 1 0 0 0 1 
42446994 42449961 153.654 8.333333333333334 3 3 945 946 
1 0 0 0 1 0 0 0 1 
1 0 0 0 1 0 0 0 1 
42436707 42449963 79.97 16.666666666666668 3 3 947 948 
1 0 0 0 1 0 0 0 1 
1 0 0 0 1 0 0 0 1 
42436707 42449961 77.585 16.666666666666668 3 3 949 950 
1 0 0 0 1 0 0 0 1 
1 0 0 0 1 0 0 0 1 
42440456 42459098 79.908 13.88888888888889 3 3 951 952 
1 0 0 0 1 0 0 0 1 
1 0 0 0 1 0 0 0 1 
42440456 596775876 19.983 8.333333333333334 3 3 953 954 
1 0 0 0 1 0 0 0 1 
1 0 0 0 1 0 0 0 1 
42440456 42440459 146.14000000000001 8.333333333333334 3 3 955 956 
1 0 0 0 1 0 0 0 1 
1 0 0 0 1 0 0 0 1 
42440459 42446991 79.507 13.88888888888889 3 3 957 958 
1 0 0 0 1 0 0 0 1 
1 0 0 0 1 0 0 0 1 
42440459 42440463 154.813 8.333333333333334 3 3 959 960 
1 0 0 0 1 0 0 0 1 
1 0 0 0 1 0 0 0 1 
42449961 42440463 81.619 16.666666666666668 3 3 961 962 
1 0 0 0 1 0 0 0 1 
1 0 0 0 1 0 0 0 1 
42449961 42440465 295.09700000000004 8.333333333333334 3 3 963 964 
1 0 0 0 1 0 0 0 1 
1 0 0 0 1 0 0 0 1 
42440463 42449956 78.947 16.666666666666668 3 3 965 966 
1 0 0 0 1 0 0 0 1 
1 0 0 0 1 0 0 0 1 
42440463 42440465 215.60700000000003 8.333333333333334 3 3 967 968 
1 0 0 0 1 0 0 0 1 
1 0 0 0 1 0 0 0 1 
42440465 42442952 79.531 16.666666666666668 3 3 969 970 
1 0 0 0 1 0 0 0 1 
1 0 0 0 1 0 0 0 1 
42443329 42443326 79.574 16.666666666666668 3 3 971 972 
1 0 0 0 1 0 0 0 1 
1 0 0 0 1 0 0 0 1 
42443329 1061531608 175.799 8.333333333333334 3 3 973 974 
1 0 0 0 1 0 0 0 1 
1 0 0 0 1 0 0 0 1 
1061531597 1061531608 89.05600000000001 16.666666666666668 3 3 975 976 
1 0 0 0 1 0 0 0 1 
1 0 0 0 1 0 0 0 1 
42437423 42429680 238.425 13.88888888888889 3 3 977 978 
1 0 0 0 1 0 0 0 1 
1 0 0 0 1 0 0 0 1 
596775870 42459098 19.999 13.88888888888889 3 3 979 980 
1 0 0 0 1 0 0 0 1 
1 0 0 0 1 0 0 0 1 
596775870 596775876 79.827 13.88888888888889 3 3 981 982 
1 0 0 0 1 0 0 0 1 
1 0 0 0 1 0 0 0 1 
596775882 42448811 20.021 8.333333333333334 3 3 983 984 
1 0 0 0 1 0 0 0 1 
1 0 0 0 1 0 0 0 1 
42438886 42459098 78.525 13.88888888888889 3 3 985 986 
1 0 0 0 1 0 0 0 1 
1 0 0 0 1 0 0 0 1 
42438886 42438889 146.1 13.88888888888889 3 3 987 988 
1 0 0 0 1 0 0 0 1 
1 0 0 0 1 0 0 0 1 
42438886 42448811 79.973 13.88888888888889 3 3 989 990 
1 0 0 0 1 0 0 0 1 
1 0 0 0 1 0 0 0 1 
42459098 42446991 146.198 13.88888888888889 3 3 991 992 
1 0 0 0 1 0 0 0 1 
1 0 0 0 1 0 0 0 1 
42438889 42438891 154.723 13.88888888888889 3 3 993 994 
1 0 0 0 1 0 0 0 1 
1 0 0 0 1 0 0 0 1 
42438889 42446991 79.77799999999999 13.88888888888889 3 3 995 996 
1 0 0 0 1 0 0 0 1 
1 0 0 0 1 0 0 0 1 
42446991 42449956 154.676 13.88888888888889 3 3 997 998 
1 0 0 0 1 0 0 0 1 
1 0 0 0 1 0 0 0 1 
42438891 42449956 80.121 16.666666666666668 3 3 999 1000 
1 0 0 0 1 0 0 0 1 
1 0 0 0 1 0 0 0 1 
42438891 42438894 215.596 13.88888888888889 3 3 1001 1002 
1 0 0 0 1 0 0 0 1 
1 0 0 0 1 0 0 0 1 
42449956 42442952 215.75 13.88888888888889 3 3 1003 1004 
1 0 0 0 1 0 0 0 1 
1 0 0 0 1 0 0 0 1 
42438894 42442952 79.583 16.666666666666668 3 3 1005 1006 
1 0 0 0 1 0 0 0 1 
1 0 0 0 1 0 0 0 1 
42443326 4557495130 79.473 16.666666666666668 3 3 1007 1008 
1 0 0 0 1 0 0 0 1 
1 0 0 0 1 0 0 0 1 
42443326 7802856349 273.50300000000004 8.333333333333334 3 3 1009 1010 
1 0 0 0 1 0 0 0 1 
1 0 0 0 1 0 0 0 1 
42443326 1061531608 224.339 8.333333333333334 3 3 1011 1012 
1 0 0 0 1 0 0 0 1 
1 0 0 0 1 0 0 0 1 
4557495130 7802856341 274.457 9.722222222222221 3 3 1013 1014 
1 0 0 0 1 0 0 0 1 
1 0 0 0 1 0 0 0 1 
7802856349 7802856341 79.52700000000002 13.88888888888889 3 3 1015 1016 
1 0 0 0 1 0 0 0 1 
1 0 0 0 1 0 0 0 1 
561042195 3639382768 70.593 13.88888888888889 3 3 1017 1018 
1 0 0 0 1 0 0 0 1 
1 0 0 0 1 0 0 0 1 
3639382768 3639382767 8.682 13.88888888888889 3 3 1019 1020 
1 0 0 0 1 0 0 0 1 
1 0 0 0 1 0 0 0 1 
3639382767 100522479 15.802 13.88888888888889 3 3 1021 1022 
1 0 0 0 1 0 0 0 1 
1 0 0 0 1 0 0 0 1 
282
42421769 1 3 5 -1 
42443347 2 7 9 -1 
42421772 4 11 13 15 
42443280 6 17 19 21 
42428061 8 23 25 -1 
42442463 10 14 27 29 
6929267030 12 31 33 -1 
1061531525 16 35 37 39 
42427915 18 41 43 -1 
42433565 20 45 47 49 
42442469 22 32 51 53 
42438859 24 250 253 255 
42428063 26 62 262 329 
6929267015 28 57 59 -1 
6929267036 30 58 61 -1 
6929267009 34 54 55 -1 
42421775 36 63 65 67 
1061531454 38 60 69 71 
1061531645 40 56 73 75 
42424225 42 249 251 -1 
42433564 44 48 126 -1 
42437300 46 128 130 143 
42433567 50 52 174 410 
42428653 64 70 77 79 
42421776 66 81 83 85 
42428657 68 74 87 89 
1061531803 72 94 330 331 
1061531818 76 106 182 409 
42428065 78 91 93 95 
42431019 80 84 92 -1 
42431024 82 88 97 99 
42441587 86 98 101 -1 
42428661 90 103 105 107 
42428648 96 334 341 -1 
42431027 100 108 109 111 
42433569 102 112 113 -1 
42428663 104 176 180 183 
42431030 110 114 178 184 
42421800 115 117 119 -1 
42424851 116 121 123 -1 
42435308 118 125 127 -1 
42421803 120 129 131 133 
7106818626 122 135 137 -1 
42443349 124 134 139 141 
42421806 132 145 147 149 
42443353 136 142 156 165 
7106818623 138 275 277 -1 
42442475 140 146 155 157 
42437305 144 148 151 153 
1061531683 150 159 161 163 
6929267035 152 169 171 -1 
6929267014 154 172 173 -1 
1061531839 158 164 167 -1 
42421809 160 168 175 177 
1061531550 162 170 179 181 
42434158 166 276 863 -1 
42421969 185 187 189 -1 
5706568625 186 191 193 -1 
1061531777 188 195 197 -1 
4347550065 190 198 199 -1 
42435253 192 201 203 -1 
1061531509 194 196 205 -1 
4347550071 200 207 209 -1 
1061531447 202 206 867 -1 
42435257 204 868 869 -1 
4347550074 208 212 217 -1 
1825841693 210 218 229 -1 
42423674 211 213 215 -1 
42430394 214 219 221 -1 
42440025 216 223 225 227 
42430390 220 226 231 233 
4347534767 222 235 237 239 
42428332 224 230 241 -1 
42440022 228 243 245 247 
42427764 232 236 284 -1 
42430384 234 246 294 317 
5706568771 238 286 299 301 
4347534783 240 302 325 327 
42428329 242 244 347 -1 
42431549 248 348 349 351 
42435301 252 257 259 -1 
42438862 254 261 263 265 
42443346 256 260 267 269 
42435295 258 271 273 -1 
1061531695 264 332 333 335 
42442459 266 270 337 339 
42443344 268 274 408 692 
42435283 272 684 689 -1 
7106818627 278 864 865 -1 
42427762 279 281 283 285 
42445947 280 287 289 291 
42432818 282 293 295 297 
42432825 288 298 303 305 
596775941 290 307 309 311 
42445950 292 300 313 315 
42431544 296 319 321 323 
42443612 304 324 574 577 
596775935 306 308 580 727 
42456598 310 730 735 737 
596775946 312 316 752 906 
42445953 314 328 454 897 
42430378 318 320 350 353 
42440951 322 558 562 567 
42436510 326 418 431 -1 
1061531566 336 338 346 406 
42442451 340 402 404 407 
42428645 342 343 345 -1 
42428643 344 374 397 -1 
42440020 352 355 357 -1 
42430375 354 358 548 561 
42440015 356 530 543 -1 
42428637 359 361 363 -1 
6207264908 360 365 367 369 
42428640 362 371 373 -1 
1061531757 364 375 377 -1 
42432564 366 376 379 381 
42443336 368 383 385 387 
1996323622 370 389 391 -1 
1061531500 372 378 393 395 
42432558 380 384 680 685 
42442445 382 394 399 401 
42435275 386 682 687 -1 
42437384 388 390 694 697 
1061531597 392 892 975 -1 
1061531634 396 398 403 405 
42443341 400 686 690 691 
42429970 411 413 415 -1 
42456683 412 417 419 -1 
42429971 414 421 423 425 
42431649 416 427 429 -1 
42445961 420 424 433 435 
42431650 422 428 437 439 
596775998 426 438 441 443 
42455662 430 445 447 449 
42436511 432 434 453 455 
596775985 436 444 457 459 
42445972 440 446 451 -1 
42459114 442 460 461 -1 
42447228 448 585 587 589 
42457788 450 590 591 -1 
42445976 452 588 593 -1 
596775930 456 458 899 901 
42436514 462 900 907 -1 
42430352 463 465 467 -1 
42452353 464 469 471 473 
42443528 466 472 475 477 
42430356 468 479 481 -1 
42434072 470 483 485 -1 
42445924 474 487 489 491 
42432580 476 482 493 495 
42445926 478 492 497 499 
42430358 480 501 503 -1 
42432693 484 705 707 -1 
42434074 486 488 712 719 
42443811 490 774 777 -1 
42438881 494 498 513 515 
42440153 496 502 505 507 
596775882 500 702 788 983 
42430361 504 509 511 -1 
42445928 506 514 517 519 
42440452 508 512 521 523 
42430363 510 525 527 -1 
596775867 516 699 701 703 
42440453 518 522 539 541 
596775870 520 704 979 981 
42446353 524 528 535 537 
42430367 526 529 531 533 
42430371 532 544 545 547 
42436700 534 536 549 551 
42445930 538 540 553 555 
596775876 542 922 954 982 
42450426 546 552 557 559 
42436701 550 554 563 565 
596775914 556 912 919 921 
42445936 560 564 569 571 
596775900 566 909 911 913 
42445941 568 572 573 575 
596775919 570 914 915 917 
596775907 576 584 762 918 
596775951 578 579 581 583 
42443613 582 734 743 745 
42437423 586 594 977 -1 
247223720 592 872 877 -1 
42432436 595 597 599 -1 
42432438 596 601 603 605 
42445914 598 606 607 609 
42437358 600 611 613 -1 
561042200 602 615 617 -1 
42445916 604 612 619 621 
42445651 608 623 625 -1 
561042198 610 616 627 629 
42454428 614 631 633 -1 
8122411159 618 635 637 -1 
42446959 620 639 641 643 
42445917 622 634 645 647 
561042195 626 662 1017 -1 
3639382767 628 668 1020 1021 
3639382768 630 1018 1019 -1 
42443556 632 706 709 -1 
42432444 636 640 649 651 
42453005 638 650 653 655 
42449945 642 652 657 659 
42446971 644 674 677 -1 
42445920 646 710 716 717 
42443807 648 718 724 -1 
561042197 654 661 663 -1 
561042199 656 664 665 667 
42442939 658 669 671 -1 
42449947 660 670 673 675 
100522479 666 802 1022 -1 
42442943 672 852 858 859 
42449948 676 820 824 857 
42446977 678 792 819 -1 
42432556 679 681 683 -1 
42435272 688 693 695 -1 
7802856356 696 885 887 -1 
42443332 698 886 889 891 
42438886 700 985 987 989 
42444043 708 711 713 715 
42443810 714 721 723 725 
42434077 720 722 773 775 
42444049 726 789 791 793 
42432834 728 729 731 733 
42432847 732 739 741 -1 
42447007 736 742 747 -1 
42448317 738 749 751 753 
42443614 740 744 755 757 
42448338 746 759 761 763 
42447009 748 754 771 -1 
6177439750 750 772 904 908 
42448379 756 765 767 -1 
4862610026 758 764 768 769 
42456611 760 916 924 929 
42449963 766 942 948 -1 
42446998 770 930 936 941 
596775840 776 779 781 783 
42457476 778 780 785 787 
100522741 782 795 797 799 
9140654137 784 800 801 -1 
100522728 786 798 814 835 
42434085 790 796 803 805 
42444051 794 812 821 823 
42434087 804 807 809 811 
42446986 806 813 815 817 
42449954 808 818 825 827 
42434090 810 829 831 833 
42446987 816 837 839 841 
42442947 822 830 851 853 
42442948 826 834 843 845 
42448813 828 842 847 849 
42434092 832 844 855 -1 
42448811 836 840 984 990 
42438889 838 988 993 995 
42442949 846 850 861 -1 
42438891 848 994 999 1001 
42444055 854 856 860 -1 
42438894 862 1002 1005 -1 
7802856365 870 871 873 875 
3718672443 874 879 881 -1 
7802856352 876 878 882 883 
4557495130 880 1008 1013 -1 
7802856341 884 1014 1016 -1 
7802856372 888 893 895 -1 
42443329 890 896 971 973 
7802856349 894 1010 1015 -1 
6177439752 898 902 903 905 
42436703 910 923 925 927 
42452875 920 928 937 939 
42436705 926 931 933 935 
42446994 932 940 943 945 
42436707 934 947 949 -1 
42440456 938 951 953 955 
42440459 944 956 957 959 
42449961 946 950 961 963 
42459098 952 980 986 991 
42446991 958 992 996 997 
42440463 960 962 965 967 
42440465 964 968 969 -1 
42449956 966 998 1000 1003 
42442952 970 1004 1006 -1 
42443326 972 1007 1009 1011 
1061531608 974 976 1012 -1 
